1743184275.083,-0.6164,1.1679,0.3948,-1.9982
1743184275.099,-0.6164,1.1679,0.3948,-1.9981
1743184275.117,-0.6164,1.1679,0.3948,-1.9981
1743184275.132,-0.6164,1.1679,0.3948,-1.9981
1743184275.152,-0.6164,1.1679,0.3948,-1.9981
1743184275.166,-0.6164,1.1679,0.3948,-1.9981
1743184275.183,-0.6164,1.1679,0.3948,-1.9981
1743184275.199,-0.6164,1.1679,0.3948,-1.9981
1743184275.215,-0.6164,1.1679,0.3948,-1.9982
1743184275.232,-0.6164,1.1680,0.3948,-1.9982
1743184275.249,-0.6164,1.1679,0.3948,-1.9981
1743184275.266,-0.6164,1.1680,0.3948,-1.9981
1743184275.283,-0.6164,1.1680,0.3948,-1.9981
1743184275.299,-0.6164,1.1680,0.3948,-1.9981
1743184275.308,-0.6164,1.1679,0.3948,-1.9981
1743184275.335,-0.6164,1.1679,0.3948,-1.9981
1743184275.349,-0.6164,1.1679,0.3948,-1.9981
1743184275.367,-0.6164,1.1679,0.3948,-1.9981
1743184275.382,-0.6164,1.1679,0.3948,-1.9981
1743184275.399,-0.6164,1.1679,0.3948,-1.9981
1743184275.415,-0.6164,1.1680,0.3948,-1.9981
1743184275.432,-0.6164,1.1679,0.3948,-1.9981
1743184275.449,-0.6164,1.1680,0.3948,-1.9981
1743184275.465,-0.6164,1.1679,0.3948,-1.9981
1743184275.482,-0.6164,1.1679,0.3948,-1.9982
1743184275.500,-0.6164,1.1679,0.3948,-1.9981
1743184275.516,-0.6164,1.1679,0.3948,-1.9981
1743184275.536,-0.6164,1.1679,0.3948,-1.9981
1743184275.549,-0.6164,1.1679,0.3948,-1.9981
1743184275.568,-0.6164,1.1680,0.3948,-1.9981
1743184275.583,-0.6164,1.1679,0.3948,-1.9981
1743184275.603,-0.6164,1.1680,0.3948,-1.9982
1743184275.617,-0.6164,1.1680,0.3948,-1.9981
1743184275.632,-0.6164,1.1679,0.3948,-1.9981
1743184275.648,-0.6164,1.1679,0.3948,-1.9981
1743184275.657,-0.6164,1.1679,0.3948,-1.9981
1743184275.684,-0.6164,1.1680,0.3948,-1.9981
1743184275.700,-0.6164,1.1680,0.3948,-1.9982
1743184275.717,-0.6164,1.1679,0.3948,-1.9982
1743184275.735,-0.6164,1.1679,0.3948,-1.9981
1743184275.753,-0.6164,1.1679,0.3948,-1.9981
1743184275.767,-0.6164,1.1680,0.3948,-1.9981
1743184275.784,-0.6164,1.1679,0.3948,-1.9981
1743184275.800,-0.6164,1.1679,0.3948,-1.9981
1743184275.816,-0.6164,1.1679,0.3948,-1.9982
1743184275.834,-0.6164,1.1679,0.3948,-1.9981
1743184275.849,-0.6164,1.1679,0.3948,-1.9981
1743184275.866,-0.6164,1.1679,0.3948,-1.9981
1743184275.882,-0.6164,1.1679,0.3948,-1.9981
1743184275.900,-0.6164,1.1679,0.3948,-1.9982
1743184275.917,-0.6164,1.1680,0.3948,-1.9981
1743184275.925,-0.6164,1.1679,0.3948,-1.9981
1743184275.950,-0.6164,1.1679,0.3948,-1.9981
1743184275.967,-0.6164,1.1679,0.3948,-1.9981
1743184275.984,-0.6164,1.1679,0.3948,-1.9981
1743184276.000,-0.6164,1.1679,0.3948,-1.9981
1743184276.016,-0.6164,1.1679,0.3948,-1.9981
1743184276.033,-0.6164,1.1679,0.3948,-1.9981
1743184276.050,-0.6164,1.1679,0.3948,-1.9981
1743184276.066,-0.6164,1.1679,0.3948,-1.9981
1743184276.083,-0.6164,1.1679,0.3948,-1.9981
1743184276.099,-0.6164,1.1679,0.3948,-1.9981
1743184276.116,-0.6164,1.1679,0.3948,-1.9981
1743184276.125,-0.6164,1.1680,0.3948,-1.9981
1743184276.149,-0.6164,1.1680,0.3948,-1.9981
1743184276.168,-0.6164,1.1680,0.3948,-1.9981
1743184276.183,-0.6164,1.1679,0.3948,-1.9981
1743184276.199,-0.6164,1.1679,0.3948,-1.9981
1743184276.215,-0.6164,1.1679,0.3948,-1.9981
1743184276.232,-0.6164,1.1679,0.3948,-1.9981
1743184276.248,-0.6164,1.1679,0.3948,-1.9981
1743184276.266,-0.6164,1.1679,0.3948,-1.9981
1743184276.282,-0.6164,1.1679,0.3948,-1.9981
1743184276.299,-0.6164,1.1679,0.3948,-1.9981
1743184276.318,-0.6164,1.1679,0.3948,-1.9981
1743184276.333,-0.6164,1.1680,0.3948,-1.9981
1743184276.351,-0.6164,1.1679,0.3948,-1.9982
1743184276.366,-0.6164,1.1679,0.3948,-1.9981
1743184276.383,-0.6164,1.1679,0.3948,-1.9981
1743184276.399,-0.6164,1.1679,0.3948,-1.9981
1743184276.416,-0.6164,1.1679,0.3948,-1.9981
1743184276.432,-0.6164,1.1680,0.3948,-1.9981
1743184276.449,-0.6164,1.1679,0.3948,-1.9981
1743184276.465,-0.6164,1.1679,0.3948,-1.9981
1743184276.482,-0.6164,1.1679,0.3948,-1.9981
1743184276.499,-0.6164,1.1679,0.3948,-1.9981
1743184276.516,-0.6164,1.1679,0.3948,-1.9981
1743184276.532,-0.6164,1.1679,0.3948,-1.9981
1743184276.550,-0.6164,1.1679,0.3948,-1.9981
1743184276.566,-0.6164,1.1679,0.3948,-1.9981
1743184276.583,-0.6164,1.1679,0.3948,-1.9981
1743184276.599,-0.6164,1.1679,0.3948,-1.9981
1743184276.617,-0.6164,1.1679,0.3948,-1.9981
1743184276.632,-0.6164,1.1679,0.3948,-1.9981
1743184276.649,-0.6164,1.1679,0.3948,-1.9982
1743184276.666,-0.6164,1.1679,0.3948,-1.9981
1743184276.683,-0.6164,1.1680,0.3948,-1.9981
1743184276.707,-0.6164,1.1679,0.3948,-1.9981
1743184276.716,-0.6164,1.1679,0.3948,-1.9981
1743184276.736,-0.6164,1.1679,0.3948,-1.9982
1743184276.750,-0.6164,1.1679,0.3948,-1.9981
1743184276.768,-0.6164,1.1679,0.3948,-1.9982
1743184276.783,-0.6164,1.1679,0.3948,-1.9981
1743184276.800,-0.6164,1.1679,0.3948,-1.9981
1743184276.816,-0.6164,1.1680,0.3948,-1.9981
1743184276.833,-0.6164,1.1679,0.3948,-1.9981
1743184276.849,-0.6164,1.1679,0.3948,-1.9981
1743184276.865,-0.6164,1.1679,0.3948,-1.9981
1743184276.883,-0.6164,1.1679,0.3948,-1.9981
1743184276.899,-0.6164,1.1679,0.3948,-1.9981
1743184276.908,-0.6164,1.1679,0.3948,-1.9981
1743184276.908,-0.6164,1.1679,0.3948,-1.9981
1743184276.908,-0.6164,1.1679,0.3948,-1.9981
1743184276.908,-0.6164,1.1679,0.3948,-1.9981
1743184276.908,-0.6164,1.1679,0.3948,-1.9981
1743184276.908,-0.6164,1.1679,0.3948,-1.9981
1743184276.908,-0.6164,1.1679,0.3948,-1.9981
1743184276.908,-0.6164,1.1679,0.3948,-1.9981
1743184276.908,-0.6164,1.1679,0.3948,-1.9981
1743184276.908,-0.6164,1.1679,0.3948,-1.9981
1743184276.908,-0.6164,1.1679,0.3948,-1.9981
1743184277.335,-0.6164,1.1679,0.3948,-1.9981
1743184277.365,-0.6164,1.1679,0.3948,-1.9981
1743184277.383,-0.6164,1.1679,0.3948,-1.9981
1743184277.399,-0.6164,1.1679,0.3948,-1.9981
1743184277.416,-0.6164,1.1679,0.3948,-1.9981
1743184277.427,-0.6164,1.1679,0.3948,-1.9981
1743184277.449,-0.6164,1.1679,0.3948,-1.9981
1743184277.467,-0.6164,1.1679,0.3948,-1.9981
1743184277.482,-0.6164,1.1679,0.3948,-1.9981
1743184277.499,-0.6164,1.1679,0.3948,-1.9981
1743184277.516,-0.6164,1.1679,0.3948,-1.9981
1743184277.524,-0.6164,1.1679,0.3948,-1.9981
1743184277.541,-0.6164,1.1679,0.3948,-1.9982
1743184277.567,-0.6164,1.1679,0.3948,-1.9981
1743184277.582,-0.6164,1.1679,0.3948,-1.9981
1743184277.600,-0.6164,1.1679,0.3948,-1.9981
1743184277.616,-0.6164,1.1679,0.3948,-1.9981
1743184277.632,-0.6164,1.1679,0.3948,-1.9981
1743184277.649,-0.6164,1.1679,0.3948,-1.9981
1743184277.665,-0.6164,1.1679,0.3948,-1.9981
1743184277.682,-0.6164,1.1679,0.3948,-1.9982
1743184277.699,-0.6164,1.1679,0.3948,-1.9981
1743184277.716,-0.6164,1.1679,0.3948,-1.9981
1743184277.733,-0.6164,1.1679,0.3948,-1.9982
1743184277.741,-0.6164,1.1679,0.3948,-1.9982
1743184277.759,-0.6164,1.1679,0.3948,-1.9981
1743184277.783,-0.6164,1.1679,0.3948,-1.9982
1743184277.800,-0.6164,1.1679,0.3948,-1.9982
1743184277.816,-0.6164,1.1679,0.3948,-1.9981
1743184277.833,-0.6164,1.1679,0.3948,-1.9981
1743184277.850,-0.6164,1.1679,0.3948,-1.9981
1743184277.866,-0.6164,1.1679,0.3948,-1.9981
1743184277.883,-0.6164,1.1679,0.3948,-1.9981
1743184277.899,-0.6164,1.1679,0.3948,-1.9982
1743184277.917,-0.6164,1.1679,0.3948,-1.9981
1743184277.932,-0.6164,1.1679,0.3948,-1.9981
1743184277.943,-0.6164,1.1679,0.3948,-1.9982
1743184277.965,-0.6164,1.1679,0.3948,-1.9981
1743184277.985,-0.6164,1.1679,0.3948,-1.9981
1743184277.999,-0.6164,1.1679,0.3948,-1.9981
1743184278.016,-0.6164,1.1679,0.3948,-1.9982
1743184278.033,-0.6164,1.1679,0.3948,-1.9981
1743184278.049,-0.6164,1.1679,0.3948,-1.9982
1743184278.066,-0.6164,1.1680,0.3949,-1.9982
1743184278.082,-0.6162,1.1684,0.3949,-1.9979
1743184278.100,-0.6157,1.1693,0.3949,-1.9972
1743184278.116,-0.6148,1.1710,0.3950,-1.9967
1743184278.125,-0.6142,1.1720,0.3950,-1.9964
1743184278.151,-0.6118,1.1761,0.3950,-1.9968
1743184278.158,-0.6107,1.1778,0.3950,-1.9970
1743184278.183,-0.6075,1.1828,0.3950,-1.9975
1743184278.200,-0.6054,1.1862,0.3951,-1.9978
1743184278.217,-0.6033,1.1894,0.3951,-1.9985
1743184278.233,-0.6016,1.1924,0.3952,-1.9990
1743184278.251,-0.5999,1.1953,0.3953,-1.9988
1743184278.265,-0.5983,1.1981,0.3952,-1.9981
1743184278.283,-0.5969,1.2005,0.3952,-1.9974
1743184278.299,-0.5956,1.2025,0.3955,-1.9970
1743184278.316,-0.5945,1.2040,0.3956,-1.9968
1743184278.334,-0.5936,1.2051,0.3955,-1.9969
1743184278.350,-0.5930,1.2061,0.3955,-1.9972
1743184278.366,-0.5927,1.2067,0.3954,-1.9972
1743184278.384,-0.5928,1.2068,0.3955,-1.9971
1743184278.401,-0.5929,1.2068,0.3956,-1.9971
1743184278.417,-0.5930,1.2067,0.3955,-1.9975
1743184278.433,-0.5929,1.2066,0.3954,-1.9980
1743184278.449,-0.5929,1.2064,0.3954,-1.9983
1743184278.468,-0.5930,1.2062,0.3955,-1.9981
1743184278.483,-0.5932,1.2061,0.3955,-1.9977
1743184278.499,-0.5934,1.2059,0.3954,-1.9973
1743184278.518,-0.5935,1.2058,0.3954,-1.9971
1743184278.524,-0.5936,1.2057,0.3955,-1.9972
1743184278.550,-0.5935,1.2055,0.3955,-1.9975
1743184278.568,-0.5936,1.2053,0.3954,-1.9973
1743184278.583,-0.5940,1.2051,0.3952,-1.9961
1743184278.601,-0.5948,1.2044,0.3952,-1.9932
1743184278.616,-0.5959,1.2029,0.3952,-1.9893
1743184278.633,-0.5973,1.2006,0.3951,-1.9855
1743184278.649,-0.5991,1.1976,0.3949,-1.9813
1743184278.667,-0.6013,1.1939,0.3950,-1.9768
1743184278.684,-0.6038,1.1896,0.3952,-1.9719
1743184278.699,-0.6068,1.1849,0.3954,-1.9667
1743184278.717,-0.6100,1.1800,0.3954,-1.9603
1743184278.733,-0.6137,1.1750,0.3954,-1.9528
1743184278.741,-0.6157,1.1725,0.3954,-1.9488
1743184278.768,-0.6217,1.1649,0.3953,-1.9352
1743184278.784,-0.6259,1.1598,0.3953,-1.9255
1743184278.801,-0.6299,1.1543,0.3953,-1.9159
1743184278.816,-0.6335,1.1490,0.3956,-1.9067
1743184278.833,-0.6373,1.1439,0.3960,-1.8974
1743184278.850,-0.6414,1.1387,0.3959,-1.8879
1743184278.867,-0.6454,1.1336,0.3959,-1.8781
1743184278.883,-0.6491,1.1281,0.3959,-1.8683
1743184278.899,-0.6527,1.1225,0.3961,-1.8591
1743184278.918,-0.6565,1.1170,0.3964,-1.8503
1743184278.932,-0.6602,1.1119,0.3966,-1.8407
1743184278.941,-0.6621,1.1095,0.3967,-1.8363
1743184278.966,-0.6677,1.1018,0.3966,-1.8236
1743184278.983,-0.6713,1.0964,0.3966,-1.8156
1743184278.999,-0.6747,1.0910,0.3966,-1.8081
1743184279.017,-0.6781,1.0854,0.3967,-1.8011
1743184279.033,-0.6813,1.0799,0.3969,-1.7939
1743184279.049,-0.6843,1.0742,0.3967,-1.7865
1743184279.066,-0.6872,1.0685,0.3966,-1.7808
1743184279.083,-0.6902,1.0626,0.3966,-1.7788
1743184279.100,-0.6927,1.0567,0.3967,-1.7795
1743184279.116,-0.6948,1.0509,0.3967,-1.7820
1743184279.133,-0.6968,1.0451,0.3965,-1.7837
1743184279.149,-0.6988,1.0389,0.3964,-1.7834
1743184279.159,-0.6998,1.0359,0.3964,-1.7827
1743184279.175,-0.7019,1.0295,0.3963,-1.7808
1743184279.200,-0.7051,1.0198,0.3960,-1.7786
1743184279.216,-0.7073,1.0132,0.3957,-1.7785
1743184279.234,-0.7098,1.0068,0.3954,-1.7795
1743184279.250,-0.7123,1.0003,0.3953,-1.7802
1743184279.266,-0.7149,0.9940,0.3953,-1.7805
1743184279.283,-0.7171,0.9879,0.3951,-1.7804
1743184279.301,-0.7191,0.9819,0.3946,-1.7796
1743184279.318,-0.7208,0.9760,0.3946,-1.7786
1743184279.334,-0.7225,0.9699,0.3945,-1.7779
1743184279.341,-0.7234,0.9669,0.3945,-1.7778
1743184279.366,-0.7264,0.9578,0.3943,-1.7783
1743184279.382,-0.7287,0.9519,0.3943,-1.7785
1743184279.399,-0.7311,0.9457,0.3943,-1.7782
1743184279.416,-0.7336,0.9398,0.3944,-1.7782
1743184279.432,-0.7360,0.9336,0.3946,-1.7782
1743184279.449,-0.7383,0.9273,0.3945,-1.7783
1743184279.466,-0.7405,0.9210,0.3944,-1.7787
1743184279.482,-0.7426,0.9148,0.3944,-1.7785
1743184279.499,-0.7445,0.9088,0.3945,-1.7778
1743184279.516,-0.7465,0.9027,0.3943,-1.7769
1743184279.524,-0.7476,0.8997,0.3942,-1.7766
1743184279.551,-0.7509,0.8905,0.3941,-1.7763
1743184279.566,-0.7530,0.8844,0.3940,-1.7763
1743184279.583,-0.7551,0.8784,0.3939,-1.7764
1743184279.600,-0.7571,0.8726,0.3939,-1.7765
1743184279.617,-0.7593,0.8666,0.3939,-1.7769
1743184279.633,-0.7617,0.8605,0.3939,-1.7770
1743184279.648,-0.7640,0.8543,0.3939,-1.7768
1743184279.666,-0.7662,0.8482,0.3937,-1.7764
1743184279.682,-0.7683,0.8422,0.3936,-1.7760
1743184279.700,-0.7703,0.8361,0.3937,-1.7757
1743184279.715,-0.7724,0.8299,0.3938,-1.7757
1743184279.725,-0.7735,0.8268,0.3938,-1.7757
1743184279.749,-0.7766,0.8176,0.3937,-1.7755
1743184279.766,-0.7786,0.8117,0.3936,-1.7754
1743184279.783,-0.7806,0.8059,0.3938,-1.7752
1743184279.800,-0.7827,0.8003,0.3941,-1.7747
1743184279.816,-0.7849,0.7942,0.3942,-1.7749
1743184279.825,-0.7860,0.7912,0.3943,-1.7750
1743184279.850,-0.7894,0.7821,0.3940,-1.7748
1743184279.867,-0.7915,0.7760,0.3939,-1.7744
1743184279.884,-0.7935,0.7698,0.3939,-1.7741
1743184279.901,-0.7957,0.7636,0.3939,-1.7740
1743184279.908,-0.7968,0.7606,0.3940,-1.7740
1743184279.933,-0.8001,0.7513,0.3939,-1.7739
1743184279.942,-0.8011,0.7483,0.3939,-1.7738
1743184279.968,-0.8040,0.7393,0.3938,-1.7739
1743184279.984,-0.8060,0.7331,0.3937,-1.7745
1743184280.000,-0.8080,0.7270,0.3938,-1.7748
1743184280.016,-0.8101,0.7208,0.3938,-1.7751
1743184280.033,-0.8123,0.7146,0.3939,-1.7748
1743184280.049,-0.8144,0.7084,0.3936,-1.7740
1743184280.067,-0.8165,0.7022,0.3933,-1.7736
1743184280.083,-0.8186,0.6961,0.3933,-1.7734
1743184280.101,-0.8207,0.6899,0.3934,-1.7740
1743184280.116,-0.8225,0.6849,0.3944,-1.7764
1743184280.135,-0.8246,0.6791,0.3946,-1.7770
1743184280.150,-0.8265,0.6727,0.3943,-1.7768
1743184280.166,-0.8284,0.6668,0.3942,-1.7768
1743184280.183,-0.8305,0.6606,0.3942,-1.7771
1743184280.199,-0.8327,0.6545,0.3943,-1.7770
1743184280.216,-0.8349,0.6485,0.3942,-1.7767
1743184280.232,-0.8370,0.6424,0.3939,-1.7762
1743184280.249,-0.8391,0.6363,0.3936,-1.7761
1743184280.266,-0.8413,0.6299,0.3936,-1.7762
1743184280.282,-0.8434,0.6237,0.3936,-1.7761
1743184280.299,-0.8454,0.6178,0.3937,-1.7761
1743184280.317,-0.8472,0.6119,0.3936,-1.7760
1743184280.334,-0.8490,0.6058,0.3934,-1.7764
1743184280.349,-0.8508,0.5996,0.3933,-1.7766
1743184280.365,-0.8531,0.5937,0.3933,-1.7764
1743184280.382,-0.8553,0.5877,0.3936,-1.7756
1743184280.399,-0.8575,0.5817,0.3936,-1.7750
1743184280.416,-0.8597,0.5755,0.3934,-1.7745
1743184280.432,-0.8618,0.5692,0.3934,-1.7743
1743184280.449,-0.8640,0.5631,0.3934,-1.7740
1743184280.467,-0.8662,0.5568,0.3934,-1.7739
1743184280.482,-0.8685,0.5507,0.3934,-1.7735
1743184280.499,-0.8705,0.5448,0.3934,-1.7735
1743184280.507,-0.8716,0.5417,0.3934,-1.7737
1743184280.532,-0.8745,0.5327,0.3934,-1.7743
1743184280.542,-0.8755,0.5297,0.3932,-1.7745
1743184280.566,-0.8786,0.5205,0.3929,-1.7751
1743184280.583,-0.8808,0.5143,0.3929,-1.7749
1743184280.600,-0.8828,0.5079,0.3928,-1.7742
1743184280.617,-0.8849,0.5016,0.3923,-1.7736
1743184280.633,-0.8870,0.4951,0.3919,-1.7737
1743184280.650,-0.8892,0.4885,0.3917,-1.7739
1743184280.666,-0.8913,0.4822,0.3917,-1.7740
1743184280.684,-0.8931,0.4762,0.3917,-1.7738
1743184280.700,-0.8950,0.4704,0.3916,-1.7745
1743184280.716,-0.8969,0.4641,0.3913,-1.7749
1743184280.726,-0.8980,0.4610,0.3913,-1.7752
1743184280.750,-0.9012,0.4520,0.3914,-1.7749
1743184280.768,-0.9031,0.4462,0.3914,-1.7739
1743184280.783,-0.9051,0.4403,0.3913,-1.7731
1743184280.800,-0.9070,0.4344,0.3912,-1.7731
1743184280.816,-0.9091,0.4285,0.3912,-1.7727
1743184280.833,-0.9113,0.4226,0.3911,-1.7723
1743184280.851,-0.9134,0.4165,0.3911,-1.7722
1743184280.867,-0.9156,0.4104,0.3910,-1.7726
1743184280.884,-0.9176,0.4040,0.3908,-1.7726
1743184280.900,-0.9197,0.3974,0.3903,-1.7718
1743184280.918,-0.9219,0.3914,0.3902,-1.7718
1743184280.934,-0.9241,0.3856,0.3904,-1.7718
1743184280.949,-0.9263,0.3797,0.3905,-1.7718
1743184280.966,-0.9280,0.3739,0.3904,-1.7716
1743184280.983,-0.9299,0.3679,0.3902,-1.7719
1743184280.999,-0.9318,0.3616,0.3900,-1.7725
1743184281.016,-0.9338,0.3553,0.3901,-1.7726
1743184281.035,-0.9359,0.3491,0.3904,-1.7726
1743184281.050,-0.9378,0.3432,0.3904,-1.7725
1743184281.066,-0.9399,0.3369,0.3904,-1.7729
1743184281.075,-0.9409,0.3338,0.3904,-1.7734
1743184281.100,-0.9440,0.3246,0.3905,-1.7747
1743184281.108,-0.9451,0.3216,0.3906,-1.7752
1743184281.134,-0.9479,0.3129,0.3907,-1.7760
1743184281.142,-0.9489,0.3099,0.3906,-1.7760
1743184281.167,-0.9518,0.3008,0.3903,-1.7759
1743184281.183,-0.9537,0.2947,0.3902,-1.7755
1743184281.200,-0.9557,0.2885,0.3901,-1.7747
1743184281.216,-0.9579,0.2824,0.3901,-1.7747
1743184281.234,-0.9601,0.2762,0.3902,-1.7750
1743184281.249,-0.9623,0.2699,0.3902,-1.7752
1743184281.266,-0.9653,0.2641,0.3901,-1.7747
1743184281.283,-0.9678,0.2582,0.3904,-1.7744
1743184281.301,-0.9700,0.2524,0.3904,-1.7746
1743184281.317,-0.9720,0.2464,0.3903,-1.7744
1743184281.332,-0.9736,0.2405,0.3902,-1.7739
1743184281.349,-0.9756,0.2344,0.3902,-1.7736
1743184281.366,-0.9774,0.2283,0.3901,-1.7736
1743184281.382,-0.9795,0.2221,0.3901,-1.7737
1743184281.400,-0.9817,0.2160,0.3900,-1.7739
1743184281.416,-0.9838,0.2097,0.3900,-1.7739
1743184281.434,-0.9860,0.2036,0.3901,-1.7737
1743184281.449,-0.9880,0.1975,0.3903,-1.7734
1743184281.467,-0.9904,0.1916,0.3903,-1.7726
1743184281.483,-0.9926,0.1857,0.3903,-1.7716
1743184281.491,-0.9937,0.1826,0.3903,-1.7708
1743184281.516,-0.9967,0.1732,0.3902,-1.7685
1743184281.526,-0.9977,0.1701,0.3902,-1.7673
1743184281.551,-1.0009,0.1605,0.3899,-1.7644
1743184281.567,-1.0034,0.1539,0.3898,-1.7617
1743184281.584,-1.0061,0.1474,0.3898,-1.7564
1743184281.600,-1.0086,0.1411,0.3899,-1.7488
1743184281.616,-1.0116,0.1351,0.3902,-1.7396
1743184281.633,-1.0149,0.1292,0.3901,-1.7292
1743184281.650,-1.0177,0.1232,0.3898,-1.7186
1743184281.666,-1.0209,0.1174,0.3897,-1.7076
1743184281.684,-1.0240,0.1111,0.3896,-1.6961
1743184281.700,-1.0268,0.1051,0.3897,-1.6848
1743184281.709,-1.0282,0.1021,0.3896,-1.6789
1743184281.733,-1.0325,0.0933,0.3896,-1.6608
1743184281.751,-1.0356,0.0876,0.3897,-1.6478
1743184281.768,-1.0388,0.0818,0.3895,-1.6337
1743184281.784,-1.0416,0.0758,0.3896,-1.6192
1743184281.800,-1.0442,0.0699,0.3897,-1.6054
1743184281.817,-1.0470,0.0644,0.3899,-1.5911
1743184281.834,-1.0499,0.0589,0.3899,-1.5762
1743184281.850,-1.0530,0.0536,0.3899,-1.5610
1743184281.867,-1.0559,0.0483,0.3899,-1.5458
1743184281.882,-1.0583,0.0427,0.3900,-1.5304
1743184281.899,-1.0607,0.0377,0.3902,-1.5149
1743184281.916,-1.0634,0.0327,0.3903,-1.4994
1743184281.925,-1.0649,0.0302,0.3904,-1.4916
1743184281.943,-1.0676,0.0253,0.3903,-1.4753
1743184281.967,-1.0711,0.0181,0.3904,-1.4518
1743184281.984,-1.0735,0.0134,0.3907,-1.4364
1743184282.000,-1.0758,0.0086,0.3909,-1.4207
1743184282.016,-1.0781,0.0039,0.3909,-1.4049
1743184282.033,-1.0805,-0.0008,0.3907,-1.3886
1743184282.049,-1.0827,-0.0058,0.3908,-1.3737
1743184282.065,-1.0842,-0.0108,0.3910,-1.3606
1743184282.084,-1.0859,-0.0158,0.3911,-1.3486
1743184282.101,-1.0876,-0.0210,0.3910,-1.3375
1743184282.109,-1.0883,-0.0237,0.3910,-1.3317
1743184282.125,-1.0896,-0.0291,0.3909,-1.3206
1743184282.150,-1.0914,-0.0374,0.3908,-1.3037
1743184282.166,-1.0924,-0.0427,0.3910,-1.2937
1743184282.183,-1.0934,-0.0484,0.3910,-1.2835
1743184282.200,-1.0944,-0.0538,0.3907,-1.2745
1743184282.216,-1.0953,-0.0598,0.3905,-1.2655
1743184282.232,-1.0958,-0.0657,0.3904,-1.2567
1743184282.249,-1.0960,-0.0717,0.3904,-1.2491
1743184282.267,-1.0961,-0.0778,0.3906,-1.2432
1743184282.282,-1.0959,-0.0839,0.3907,-1.2379
1743184282.301,-1.0956,-0.0900,0.3905,-1.2318
1743184282.318,-1.0953,-0.0962,0.3903,-1.2261
1743184282.333,-1.0945,-0.1026,0.3902,-1.2198
1743184282.350,-1.0936,-0.1088,0.3903,-1.2134
1743184282.367,-1.0928,-0.1152,0.3905,-1.2071
1743184282.383,-1.0919,-0.1215,0.3907,-1.2009
1743184282.400,-1.0908,-0.1280,0.3906,-1.1947
1743184282.416,-1.0898,-0.1343,0.3904,-1.1889
1743184282.433,-1.0889,-0.1405,0.3901,-1.1833
1743184282.450,-1.0883,-0.1468,0.3902,-1.1777
1743184282.467,-1.0876,-0.1529,0.3903,-1.1727
1743184282.483,-1.0865,-0.1592,0.3901,-1.1663
1743184282.492,-1.0861,-0.1624,0.3901,-1.1629
1743184282.516,-1.0845,-0.1719,0.3900,-1.1538
1743184282.526,-1.0839,-0.1750,0.3901,-1.1510
1743184282.550,-1.0823,-0.1845,0.3899,-1.1419
1743184282.568,-1.0815,-0.1906,0.3897,-1.1362
1743184282.583,-1.0804,-0.1968,0.3896,-1.1301
1743184282.600,-1.0794,-0.2029,0.3896,-1.1240
1743184282.617,-1.0779,-0.2090,0.3896,-1.1178
1743184282.633,-1.0765,-0.2152,0.3895,-1.1124
1743184282.650,-1.0752,-0.2214,0.3896,-1.1073
1743184282.668,-1.0739,-0.2276,0.3893,-1.1025
1743184282.683,-1.0726,-0.2336,0.3892,-1.0979
1743184282.699,-1.0716,-0.2396,0.3890,-1.0932
1743184282.708,-1.0709,-0.2427,0.3891,-1.0908
1743184282.732,-1.0689,-0.2519,0.3891,-1.0825
1743184282.750,-1.0674,-0.2578,0.3891,-1.0784
1743184282.766,-1.0656,-0.2639,0.3893,-1.0756
1743184282.775,-1.0649,-0.2668,0.3894,-1.0747
1743184282.800,-1.0621,-0.2757,0.3893,-1.0724
1743184282.817,-1.0602,-0.2817,0.3892,-1.0706
1743184282.834,-1.0580,-0.2876,0.3892,-1.0683
1743184282.850,-1.0557,-0.2934,0.3893,-1.0656
1743184282.867,-1.0534,-0.2995,0.3892,-1.0621
1743184282.883,-1.0513,-0.3053,0.3891,-1.0585
1743184282.892,-1.0503,-0.3083,0.3889,-1.0567
1743184282.916,-1.0471,-0.3173,0.3886,-1.0525
1743184282.934,-1.0449,-0.3234,0.3887,-1.0498
1743184282.941,-1.0439,-0.3264,0.3888,-1.0485
1743184282.966,-1.0408,-0.3352,0.3889,-1.0448
1743184282.982,-1.0390,-0.3409,0.3890,-1.0421
1743184282.999,-1.0372,-0.3469,0.3888,-1.0392
1743184283.016,-1.0349,-0.3527,0.3887,-1.0365
1743184283.034,-1.0326,-0.3586,0.3886,-1.0335
1743184283.049,-1.0304,-0.3644,0.3886,-1.0309
1743184283.066,-1.0282,-0.3704,0.3887,-1.0281
1743184283.082,-1.0256,-0.3765,0.3888,-1.0255
1743184283.091,-1.0244,-0.3794,0.3888,-1.0244
1743184283.117,-1.0208,-0.3884,0.3886,-1.0202
1743184283.134,-1.0184,-0.3943,0.3884,-1.0175
1743184283.149,-1.0160,-0.4004,0.3884,-1.0147
1743184283.166,-1.0136,-0.4063,0.3885,-1.0118
1743184283.182,-1.0112,-0.4123,0.3884,-1.0086
1743184283.199,-1.0092,-0.4182,0.3883,-1.0051
1743184283.216,-1.0072,-0.4240,0.3883,-1.0016
1743184283.232,-1.0052,-0.4301,0.3884,-0.9987
1743184283.249,-1.0028,-0.4360,0.3885,-0.9963
1743184283.266,-1.0005,-0.4419,0.3884,-0.9935
1743184283.283,-0.9983,-0.4476,0.3883,-0.9905
1743184283.291,-0.9972,-0.4503,0.3882,-0.9891
1743184283.317,-0.9937,-0.4591,0.3882,-0.9843
1743184283.332,-0.9911,-0.4649,0.3882,-0.9810
1743184283.349,-0.9885,-0.4706,0.3880,-0.9789
1743184283.367,-0.9858,-0.4764,0.3880,-0.9779
1743184283.385,-0.9830,-0.4823,0.3881,-0.9782
1743184283.400,-0.9800,-0.4883,0.3882,-0.9777
1743184283.416,-0.9770,-0.4943,0.3880,-0.9764
1743184283.433,-0.9744,-0.5003,0.3877,-0.9745
1743184283.450,-0.9717,-0.5061,0.3878,-0.9731
1743184283.466,-0.9692,-0.5118,0.3878,-0.9720
1743184283.483,-0.9666,-0.5176,0.3879,-0.9713
1743184283.500,-0.9640,-0.5231,0.3877,-0.9707
1743184283.508,-0.9627,-0.5258,0.3877,-0.9703
1743184283.533,-0.9585,-0.5342,0.3874,-0.9678
1743184283.550,-0.9556,-0.5398,0.3874,-0.9658
1743184283.566,-0.9525,-0.5455,0.3874,-0.9645
1743184283.584,-0.9495,-0.5515,0.3875,-0.9635
1743184283.601,-0.9465,-0.5575,0.3874,-0.9627
1743184283.617,-0.9435,-0.5633,0.3874,-0.9617
1743184283.633,-0.9406,-0.5691,0.3873,-0.9606
1743184283.650,-0.9379,-0.5748,0.3873,-0.9592
1743184283.666,-0.9353,-0.5804,0.3874,-0.9580
1743184283.683,-0.9327,-0.5857,0.3874,-0.9569
1743184283.692,-0.9313,-0.5884,0.3873,-0.9565
1743184283.716,-0.9273,-0.5967,0.3872,-0.9549
1743184283.734,-0.9242,-0.6023,0.3870,-0.9536
1743184283.750,-0.9212,-0.6080,0.3869,-0.9519
1743184283.767,-0.9183,-0.6139,0.3868,-0.9494
1743184283.783,-0.9152,-0.6197,0.3867,-0.9460
1743184283.800,-0.9125,-0.6255,0.3867,-0.9429
1743184283.817,-0.9096,-0.6315,0.3866,-0.9393
1743184283.833,-0.9066,-0.6374,0.3864,-0.9362
1743184283.850,-0.9040,-0.6430,0.3864,-0.9337
1743184283.866,-0.9017,-0.6487,0.3864,-0.9311
1743184283.883,-0.8991,-0.6544,0.3865,-0.9285
1743184283.899,-0.8964,-0.6602,0.3866,-0.9260
1743184283.908,-0.8949,-0.6630,0.3866,-0.9248
1743184283.934,-0.8904,-0.6712,0.3864,-0.9209
1743184283.949,-0.8875,-0.6768,0.3863,-0.9181
1743184283.967,-0.8846,-0.6824,0.3863,-0.9154
1743184283.976,-0.8831,-0.6852,0.3862,-0.9138
1743184283.999,-0.8786,-0.6935,0.3861,-0.9096
1743184284.015,-0.8758,-0.6991,0.3860,-0.9066
1743184284.033,-0.8729,-0.7047,0.3860,-0.9040
1743184284.049,-0.8698,-0.7105,0.3861,-0.9014
1743184284.066,-0.8666,-0.7161,0.3861,-0.8988
1743184284.082,-0.8635,-0.7218,0.3860,-0.8958
1743184284.091,-0.8620,-0.7246,0.3861,-0.8944
1743184284.116,-0.8576,-0.7329,0.3861,-0.8903
1743184284.133,-0.8547,-0.7385,0.3861,-0.8876
1743184284.149,-0.8517,-0.7441,0.3859,-0.8846
1743184284.165,-0.8487,-0.7496,0.3858,-0.8819
1743184284.182,-0.8459,-0.7551,0.3858,-0.8792
1743184284.199,-0.8426,-0.7607,0.3858,-0.8763
1743184284.216,-0.8393,-0.7662,0.3857,-0.8736
1743184284.232,-0.8360,-0.7717,0.3857,-0.8708
1743184284.249,-0.8327,-0.7773,0.3857,-0.8678
1743184284.265,-0.8296,-0.7828,0.3860,-0.8650
1743184284.282,-0.8265,-0.7885,0.3859,-0.8620
1743184284.299,-0.8234,-0.7940,0.3857,-0.8588
1743184284.317,-0.8204,-0.7994,0.3856,-0.8558
1743184284.332,-0.8175,-0.8049,0.3856,-0.8532
1743184284.349,-0.8143,-0.8104,0.3857,-0.8509
1743184284.366,-0.8110,-0.8158,0.3858,-0.8486
1743184284.383,-0.8078,-0.8210,0.3857,-0.8464
1743184284.400,-0.8045,-0.8262,0.3856,-0.8440
1743184284.417,-0.8011,-0.8314,0.3854,-0.8414
1743184284.434,-0.7976,-0.8367,0.3853,-0.8385
1743184284.450,-0.7942,-0.8420,0.3851,-0.8354
1743184284.467,-0.7907,-0.8473,0.3848,-0.8324
1743184284.482,-0.7874,-0.8526,0.3847,-0.8296
1743184284.499,-0.7839,-0.8582,0.3847,-0.8268
1743184284.517,-0.7802,-0.8637,0.3848,-0.8245
1743184284.525,-0.7783,-0.8665,0.3847,-0.8229
1743184284.550,-0.7731,-0.8748,0.3845,-0.8183
1743184284.567,-0.7697,-0.8801,0.3844,-0.8154
1743184284.583,-0.7664,-0.8854,0.3843,-0.8126
1743184284.592,-0.7648,-0.8880,0.3841,-0.8112
1743184284.617,-0.7600,-0.8958,0.3839,-0.8070
1743184284.634,-0.7568,-0.9012,0.3838,-0.8038
1743184284.650,-0.7537,-0.9064,0.3837,-0.8006
1743184284.666,-0.7502,-0.9117,0.3836,-0.7976
1743184284.683,-0.7466,-0.9170,0.3834,-0.7949
1743184284.699,-0.7432,-0.9222,0.3833,-0.7923
1743184284.708,-0.7414,-0.9249,0.3833,-0.7910
1743184284.733,-0.7361,-0.9329,0.3835,-0.7871
1743184284.741,-0.7344,-0.9355,0.3834,-0.7856
1743184284.767,-0.7289,-0.9435,0.3832,-0.7807
1743184284.783,-0.7253,-0.9488,0.3831,-0.7773
1743184284.800,-0.7216,-0.9540,0.3831,-0.7742
1743184284.818,-0.7181,-0.9593,0.3831,-0.7717
1743184284.834,-0.7145,-0.9646,0.3830,-0.7694
1743184284.849,-0.7110,-0.9699,0.3830,-0.7671
1743184284.859,-0.7093,-0.9725,0.3830,-0.7657
1743184284.883,-0.7041,-0.9804,0.3827,-0.7613
1743184284.900,-0.7005,-0.9855,0.3825,-0.7583
1743184284.917,-0.6967,-0.9905,0.3824,-0.7550
1743184284.925,-0.6948,-0.9931,0.3823,-0.7534
1743184284.950,-0.6892,-1.0007,0.3822,-0.7490
1743184284.968,-0.6853,-1.0059,0.3822,-0.7467
1743184284.983,-0.6812,-1.0109,0.3823,-0.7444
1743184285.000,-0.6773,-1.0160,0.3823,-0.7416
1743184285.016,-0.6735,-1.0209,0.3824,-0.7388
1743184285.032,-0.6696,-1.0260,0.3825,-0.7355
1743184285.049,-0.6657,-1.0309,0.3825,-0.7323
1743184285.066,-0.6619,-1.0358,0.3824,-0.7291
1743184285.083,-0.6581,-1.0409,0.3823,-0.7263
1743184285.099,-0.6544,-1.0458,0.3823,-0.7238
1743184285.108,-0.6524,-1.0483,0.3822,-0.7224
1743184285.135,-0.6463,-1.0559,0.3818,-0.7182
1743184285.149,-0.6422,-1.0607,0.3819,-0.7157
1743184285.166,-0.6381,-1.0655,0.3818,-0.7131
1743184285.182,-0.6342,-1.0704,0.3818,-0.7103
1743184285.200,-0.6302,-1.0752,0.3817,-0.7072
1743184285.217,-0.6262,-1.0799,0.3816,-0.7043
1743184285.232,-0.6220,-1.0847,0.3816,-0.7012
1743184285.249,-0.6178,-1.0896,0.3816,-0.6981
1743184285.266,-0.6138,-1.0945,0.3815,-0.6949
1743184285.283,-0.6096,-1.0993,0.3814,-0.6924
1743184285.299,-0.6056,-1.1041,0.3815,-0.6901
1743184285.308,-0.6035,-1.1065,0.3816,-0.6890
1743184285.334,-0.5977,-1.1140,0.3818,-0.6853
1743184285.349,-0.5937,-1.1188,0.3816,-0.6822
1743184285.367,-0.5895,-1.1236,0.3813,-0.6789
1743184285.384,-0.5852,-1.1283,0.3812,-0.6758
1743184285.400,-0.5809,-1.1331,0.3811,-0.6727
1743184285.416,-0.5767,-1.1378,0.3810,-0.6700
1743184285.432,-0.5724,-1.1426,0.3808,-0.6670
1743184285.450,-0.5681,-1.1472,0.3808,-0.6645
1743184285.466,-0.5638,-1.1520,0.3809,-0.6619
1743184285.483,-0.5597,-1.1566,0.3810,-0.6591
1743184285.499,-0.5556,-1.1613,0.3809,-0.6562
1743184285.508,-0.5536,-1.1636,0.3809,-0.6547
1743184285.534,-0.5475,-1.1705,0.3808,-0.6502
1743184285.551,-0.5435,-1.1752,0.3810,-0.6475
1743184285.567,-0.5395,-1.1801,0.3809,-0.6446
1743184285.582,-0.5353,-1.1849,0.3807,-0.6418
1743184285.599,-0.5310,-1.1897,0.3805,-0.6390
1743184285.615,-0.5265,-1.1945,0.3804,-0.6365
1743184285.633,-0.5220,-1.1991,0.3803,-0.6343
1743184285.649,-0.5176,-1.2038,0.3802,-0.6319
1743184285.667,-0.5131,-1.2083,0.3802,-0.6292
1743184285.683,-0.5087,-1.2128,0.3801,-0.6261
1743184285.692,-0.5066,-1.2151,0.3800,-0.6244
1743184285.716,-0.5002,-1.2220,0.3797,-0.6188
1743184285.726,-0.4981,-1.2243,0.3796,-0.6172
1743184285.750,-0.4914,-1.2310,0.3795,-0.6131
1743184285.767,-0.4871,-1.2352,0.3797,-0.6108
1743184285.783,-0.4828,-1.2397,0.3799,-0.6085
1743184285.800,-0.4785,-1.2440,0.3798,-0.6059
1743184285.817,-0.4740,-1.2484,0.3796,-0.6030
1743184285.833,-0.4694,-1.2526,0.3795,-0.6001
1743184285.851,-0.4648,-1.2570,0.3795,-0.5974
1743184285.866,-0.4603,-1.2613,0.3795,-0.5944
1743184285.883,-0.4557,-1.2658,0.3793,-0.5915
1743184285.893,-0.4534,-1.2680,0.3792,-0.5902
1743184285.910,-0.4487,-1.2725,0.3791,-0.5875
1743184285.927,-0.4440,-1.2768,0.3791,-0.5852
1743184285.948,-0.4394,-1.2812,0.3792,-0.5826
1743184285.967,-0.4324,-1.2879,0.3789,-0.5783
1743184285.983,-0.4277,-1.2923,0.3787,-0.5751
1743184286.000,-0.4231,-1.2966,0.3787,-0.5720
1743184286.017,-0.4187,-1.3009,0.3788,-0.5696
1743184286.032,-0.4142,-1.3053,0.3788,-0.5668
1743184286.049,-0.4094,-1.3096,0.3788,-0.5645
1743184286.066,-0.4047,-1.3135,0.3789,-0.5619
1743184286.082,-0.3999,-1.3176,0.3788,-0.5597
1743184286.092,-0.3975,-1.3197,0.3787,-0.5585
1743184286.107,-0.3927,-1.3239,0.3786,-0.5556
1743184286.125,-0.3878,-1.3279,0.3784,-0.5531
1743184286.150,-0.3802,-1.3338,0.3783,-0.5508
1743184286.158,-0.3777,-1.3359,0.3783,-0.5502
1743184286.183,-0.3703,-1.3419,0.3782,-0.5484
1743184286.201,-0.3653,-1.3460,0.3780,-0.5466
1743184286.217,-0.3603,-1.3503,0.3779,-0.5447
1743184286.235,-0.3554,-1.3544,0.3780,-0.5430
1743184286.242,-0.3529,-1.3565,0.3782,-0.5424
1743184286.266,-0.3457,-1.3627,0.3784,-0.5409
1743184286.283,-0.3408,-1.3669,0.3783,-0.5394
1743184286.291,-0.3384,-1.3689,0.3782,-0.5387
1743184286.317,-0.3309,-1.3749,0.3780,-0.5360
1743184286.332,-0.3257,-1.3789,0.3779,-0.5344
1743184286.332,-0.3257,-1.3789,0.3779,-0.5344
1743184286.332,-0.3257,-1.3789,0.3779,-0.5344
1743184286.332,-0.3257,-1.3789,0.3779,-0.5344
1743184286.332,-0.3257,-1.3789,0.3779,-0.5344
1743184286.332,-0.3257,-1.3789,0.3779,-0.5344
1743184286.332,-0.3257,-1.3789,0.3779,-0.5344
1743184286.332,-0.3257,-1.3789,0.3779,-0.5344
1743184286.332,-0.3257,-1.3789,0.3779,-0.5344
1743184286.332,-0.3257,-1.3789,0.3779,-0.5344
1743184286.332,-0.3257,-1.3789,0.3779,-0.5344
1743184286.332,-0.3257,-1.3789,0.3779,-0.5344
1743184286.332,-0.3257,-1.3789,0.3779,-0.5344
1743184286.332,-0.3257,-1.3789,0.3779,-0.5344
1743184286.332,-0.3257,-1.3789,0.3779,-0.5344
1743184286.332,-0.3257,-1.3789,0.3779,-0.5344
1743184286.332,-0.3257,-1.3789,0.3779,-0.5344
1743184286.332,-0.3257,-1.3789,0.3779,-0.5344
1743184286.332,-0.3257,-1.3789,0.3779,-0.5344
1743184286.332,-0.3257,-1.3789,0.3779,-0.5344
1743184286.332,-0.3257,-1.3789,0.3779,-0.5344
1743184286.332,-0.3257,-1.3789,0.3779,-0.5344
1743184286.332,-0.3257,-1.3789,0.3779,-0.5344
1743184286.332,-0.3257,-1.3789,0.3779,-0.5344
1743184286.332,-0.3257,-1.3789,0.3779,-0.5344
1743184286.332,-0.3257,-1.3789,0.3779,-0.5344
1743184286.759,-0.1960,-1.4802,0.3760,-0.5000
1743184286.857,-0.1674,-1.5021,0.3754,-0.4911
1743184286.857,-0.1674,-1.5021,0.3754,-0.4911
1743184286.900,-0.1520,-1.5137,0.3752,-0.4872
1743184286.917,-0.1468,-1.5176,0.3750,-0.4864
1743184286.917,-0.1468,-1.5176,0.3750,-0.4864
1743184286.917,-0.1468,-1.5176,0.3750,-0.4864
1743184286.917,-0.1468,-1.5176,0.3750,-0.4864
1743184286.976,-0.1288,-1.5312,0.3744,-0.4810
1743184286.991,-0.1237,-1.5349,0.3744,-0.4798
1743184286.991,-0.1237,-1.5349,0.3744,-0.4798
1743184286.991,-0.1237,-1.5349,0.3744,-0.4798
1743184287.050,-0.1050,-1.5481,0.3739,-0.4755
1743184287.057,-0.1023,-1.5500,0.3738,-0.4747
1743184287.057,-0.1023,-1.5500,0.3738,-0.4747
1743184287.057,-0.1023,-1.5500,0.3738,-0.4747
1743184287.116,-0.0841,-1.5640,0.3736,-0.4702
1743184287.126,-0.0815,-1.5660,0.3735,-0.4697
1743184287.126,-0.0815,-1.5660,0.3735,-0.4697
1743184287.126,-0.0815,-1.5660,0.3735,-0.4697
1743184287.183,-0.0635,-1.5793,0.3726,-0.4642
1743184287.192,-0.0608,-1.5810,0.3727,-0.4635
1743184287.192,-0.0608,-1.5810,0.3727,-0.4635
1743184287.192,-0.0608,-1.5810,0.3727,-0.4635
1743184287.244,-0.0442,-1.5919,0.3724,-0.4594
1743184287.266,-0.0361,-1.5974,0.3721,-0.4573
1743184287.266,-0.0361,-1.5974,0.3721,-0.4573
1743184287.266,-0.0361,-1.5974,0.3721,-0.4573
1743184287.317,-0.0205,-1.6087,0.3722,-0.4536
1743184287.324,-0.0180,-1.6105,0.3720,-0.4527
1743184287.350,-0.0102,-1.6159,0.3715,-0.4502
1743184287.350,-0.0102,-1.6159,0.3715,-0.4502
1743184287.350,-0.0102,-1.6159,0.3715,-0.4502
1743184287.400,0.0065,-1.6266,0.3715,-0.4464
1743184287.409,0.0093,-1.6285,0.3713,-0.4458
1743184287.409,0.0093,-1.6285,0.3713,-0.4458
1743184287.450,0.0229,-1.6377,0.3711,-0.4428
1743184287.466,0.0282,-1.6415,0.3709,-0.4410
1743184287.466,0.0282,-1.6415,0.3709,-0.4410
1743184287.466,0.0282,-1.6415,0.3709,-0.4410
1743184287.516,0.0437,-1.6518,0.3706,-0.4366
1743184287.524,0.0464,-1.6535,0.3706,-0.4360
1743184287.541,0.0520,-1.6568,0.3706,-0.4350
1743184287.552,0.0547,-1.6585,0.3706,-0.4345
1743184287.552,0.0547,-1.6585,0.3706,-0.4345
1743184287.599,0.0716,-1.6691,0.3698,-0.4306
1743184287.616,0.0772,-1.6727,0.3697,-0.4289
1743184287.616,0.0772,-1.6727,0.3697,-0.4289
1743184287.650,0.0881,-1.6799,0.3692,-0.4256
1743184287.657,0.0909,-1.6817,0.3692,-0.4247
1743184287.679,0.0963,-1.6850,0.3690,-0.4228
1743184287.700,0.1042,-1.6898,0.3688,-0.4199
1743184287.700,0.1042,-1.6898,0.3688,-0.4199
1743184287.700,0.1042,-1.6898,0.3688,-0.4199
1743184287.749,0.1204,-1.6996,0.3686,-0.4169
1743184287.759,0.1231,-1.7012,0.3685,-0.4164
1743184287.771,0.1257,-1.7029,0.3684,-0.4157
1743184287.771,0.1257,-1.7029,0.3684,-0.4157
1743184287.817,0.1417,-1.7132,0.3679,-0.4115
1743184287.833,0.1471,-1.7166,0.3678,-0.4101
1743184287.842,0.1497,-1.7182,0.3679,-0.4095
1743184287.867,0.1581,-1.7232,0.3677,-0.4072
1743184287.875,0.1610,-1.7249,0.3675,-0.4062
1743184287.875,0.1610,-1.7249,0.3675,-0.4062
1743184287.875,0.1610,-1.7249,0.3675,-0.4062
1743184287.927,0.1781,-1.7352,0.3672,-0.4016
1743184287.942,0.1836,-1.7386,0.3672,-0.4005
1743184287.942,0.1836,-1.7386,0.3672,-0.4005
1743184287.942,0.1836,-1.7386,0.3672,-0.4005
1743184288.000,0.2022,-1.7505,0.3660,-0.3952
1743184288.009,0.2048,-1.7521,0.3660,-0.3943
1743184288.009,0.2048,-1.7521,0.3660,-0.3943
1743184288.009,0.2048,-1.7521,0.3660,-0.3943
1743184288.066,0.2241,-1.7631,0.3655,-0.3890
1743184288.083,0.2298,-1.7662,0.3654,-0.3883
1743184288.083,0.2298,-1.7662,0.3654,-0.3883
1743184288.083,0.2298,-1.7662,0.3654,-0.3883
1743184288.125,0.2441,-1.7742,0.3654,-0.3854
1743184288.142,0.2495,-1.7774,0.3653,-0.3840
1743184288.160,0.2548,-1.7807,0.3651,-0.3823
1743184288.169,0.2574,-1.7823,0.3650,-0.3814
1743184288.197,0.2654,-1.7871,0.3647,-0.3789
1743184288.217,0.2737,-1.7921,0.3641,-0.3764
1743184288.217,0.2737,-1.7921,0.3641,-0.3764
1743184288.250,0.2851,-1.7983,0.3640,-0.3736
1743184288.266,0.2907,-1.8015,0.3641,-0.3725
1743184288.275,0.2936,-1.8031,0.3640,-0.3716
1743184288.300,0.3021,-1.8078,0.3636,-0.3687
1743184288.316,0.3076,-1.8108,0.3632,-0.3670
1743184288.333,0.3127,-1.8139,0.3631,-0.3655
1743184288.342,0.3151,-1.8154,0.3632,-0.3647
1743184288.359,0.3195,-1.8181,0.3632,-0.3633
1743184288.384,0.3245,-1.8222,0.3629,-0.3600
1743184288.392,0.3257,-1.8233,0.3628,-0.3585
1743184288.416,0.3280,-1.8256,0.3627,-0.3550
1743184288.433,0.3287,-1.8265,0.3628,-0.3540
1743184288.450,0.3289,-1.8267,0.3628,-0.3546
1743184288.466,0.3287,-1.8262,0.3627,-0.3562
1743184288.483,0.3283,-1.8255,0.3626,-0.3578
1743184288.499,0.3278,-1.8249,0.3626,-0.3585
1743184288.516,0.3271,-1.8246,0.3626,-0.3588
1743184288.533,0.3263,-1.8244,0.3626,-0.3588
1743184288.550,0.3256,-1.8242,0.3625,-0.3582
1743184288.566,0.3249,-1.8240,0.3625,-0.3575
1743184288.582,0.3245,-1.8239,0.3625,-0.3572
1743184288.599,0.3243,-1.8237,0.3625,-0.3573
1743184288.616,0.3242,-1.8235,0.3625,-0.3577
1743184288.633,0.3244,-1.8234,0.3625,-0.3581
1743184288.650,0.3246,-1.8235,0.3625,-0.3582
1743184288.666,0.3247,-1.8237,0.3625,-0.3580
1743184288.683,0.3248,-1.8238,0.3625,-0.3580
1743184288.699,0.3249,-1.8239,0.3625,-0.3581
1743184288.717,0.3251,-1.8239,0.3625,-0.3582
1743184288.726,0.3251,-1.8239,0.3625,-0.3583
1743184288.750,0.3253,-1.8239,0.3625,-0.3584
1743184288.767,0.3253,-1.8239,0.3625,-0.3584
1743184288.775,0.3253,-1.8240,0.3625,-0.3583
1743184288.800,0.3252,-1.8240,0.3625,-0.3582
1743184288.809,0.3252,-1.8240,0.3625,-0.3583
1743184288.825,0.3252,-1.8239,0.3625,-0.3583
1743184288.850,0.3252,-1.8239,0.3625,-0.3585
1743184288.859,0.3252,-1.8238,0.3625,-0.3586
1743184288.883,0.3251,-1.8238,0.3625,-0.3585
1743184288.900,0.3251,-1.8238,0.3625,-0.3585
1743184288.916,0.3251,-1.8238,0.3625,-0.3584
1743184288.925,0.3251,-1.8238,0.3625,-0.3584
1743184288.951,0.3251,-1.8238,0.3625,-0.3585
1743184288.967,0.3251,-1.8238,0.3625,-0.3585
1743184288.983,0.3251,-1.8238,0.3625,-0.3585
1743184288.992,0.3251,-1.8238,0.3625,-0.3585
1743184289.016,0.3251,-1.8238,0.3625,-0.3584
1743184289.033,0.3251,-1.8238,0.3625,-0.3584
1743184289.050,0.3251,-1.8238,0.3625,-0.3585
1743184289.066,0.3251,-1.8238,0.3625,-0.3585
1743184289.075,0.3251,-1.8238,0.3625,-0.3585
1743184289.100,0.3251,-1.8238,0.3625,-0.3585
1743184289.117,0.3250,-1.8238,0.3625,-0.3585
1743184289.133,0.3251,-1.8238,0.3625,-0.3585
1743184289.150,0.3251,-1.8238,0.3625,-0.3585
1743184289.167,0.3250,-1.8238,0.3625,-0.3584
1743184289.175,0.3250,-1.8238,0.3625,-0.3583
1743184289.200,0.3243,-1.8235,0.3626,-0.3578
1743184289.209,0.3238,-1.8233,0.3625,-0.3577
1743184289.233,0.3215,-1.8220,0.3626,-0.3575
1743184289.249,0.3191,-1.8207,0.3628,-0.3573
1743184289.267,0.3156,-1.8188,0.3630,-0.3574
1743184289.283,0.3113,-1.8165,0.3631,-0.3575
1743184289.292,0.3087,-1.8149,0.3633,-0.3577
1743184289.316,0.3001,-1.8102,0.3637,-0.3592
1743184289.334,0.2934,-1.8066,0.3638,-0.3607
1743184289.350,0.2865,-1.8031,0.3638,-0.3621
1743184289.367,0.2796,-1.7995,0.3640,-0.3627
1743184289.384,0.2729,-1.7962,0.3643,-0.3623
1743184289.392,0.2696,-1.7945,0.3644,-0.3618
1743184289.408,0.2631,-1.7912,0.3647,-0.3607
1743184289.433,0.2536,-1.7859,0.3649,-0.3600
1743184289.450,0.2476,-1.7826,0.3651,-0.3606
1743184289.467,0.2420,-1.7795,0.3652,-0.3617
1743184289.483,0.2364,-1.7768,0.3652,-0.3626
1743184289.500,0.2307,-1.7741,0.3653,-0.3633
1743184289.517,0.2252,-1.7716,0.3655,-0.3630
1743184289.532,0.2198,-1.7689,0.3658,-0.3623
1743184289.541,0.2172,-1.7675,0.3658,-0.3618
1743184289.558,0.2121,-1.7647,0.3659,-0.3613
1743184289.574,0.2070,-1.7618,0.3661,-0.3616
1743184289.591,0.2017,-1.7589,0.3662,-0.3626
1743184289.617,0.1932,-1.7544,0.3666,-0.3640
1743184289.633,0.1874,-1.7516,0.3668,-0.3644
1743184289.649,0.1814,-1.7486,0.3668,-0.3648
1743184289.665,0.1754,-1.7456,0.3667,-0.3653
1743184289.682,0.1692,-1.7424,0.3668,-0.3654
1743184289.699,0.1630,-1.7391,0.3671,-0.3654
1743184289.716,0.1567,-1.7355,0.3674,-0.3655
1743184289.734,0.1507,-1.7321,0.3675,-0.3659
1743184289.749,0.1448,-1.7286,0.3675,-0.3666
1743184289.766,0.1390,-1.7254,0.3676,-0.3670
1743184289.774,0.1361,-1.7238,0.3678,-0.3671
1743184289.800,0.1276,-1.7194,0.3683,-0.3678
1743184289.809,0.1247,-1.7180,0.3684,-0.3680
1743184289.825,0.1192,-1.7151,0.3683,-0.3691
1743184289.850,0.1107,-1.7107,0.3682,-0.3708
1743184289.860,0.1079,-1.7093,0.3683,-0.3715
1743184289.883,0.0994,-1.7049,0.3687,-0.3740
1743184289.892,0.0966,-1.7034,0.3689,-0.3749
1743184289.916,0.0879,-1.6986,0.3690,-0.3775
1743184289.934,0.0821,-1.6954,0.3690,-0.3787
1743184289.950,0.0761,-1.6921,0.3693,-0.3798
1743184289.967,0.0701,-1.6887,0.3696,-0.3810
1743184289.983,0.0640,-1.6854,0.3698,-0.3826
1743184289.991,0.0611,-1.6838,0.3699,-0.3837
1743184290.017,0.0522,-1.6790,0.3698,-0.3871
1743184290.034,0.0465,-1.6758,0.3697,-0.3888
1743184290.050,0.0407,-1.6723,0.3700,-0.3903
1743184290.067,0.0350,-1.6688,0.3704,-0.3919
1743184290.083,0.0293,-1.6652,0.3707,-0.3941
1743184290.100,0.0236,-1.6614,0.3706,-0.3971
1743184290.108,0.0208,-1.6595,0.3706,-0.3991
1743184290.132,0.0125,-1.6538,0.3705,-0.4062
1743184290.150,0.0070,-1.6503,0.3706,-0.4112
1743184290.166,0.0017,-1.6471,0.3706,-0.4161
1743184290.176,-0.0010,-1.6455,0.3706,-0.4187
1743184290.200,-0.0089,-1.6405,0.3709,-0.4256
1743184290.209,-0.0115,-1.6388,0.3711,-0.4277
1743184290.234,-0.0192,-1.6337,0.3716,-0.4336
1743184290.250,-0.0244,-1.6301,0.3718,-0.4383
1743184290.258,-0.0268,-1.6283,0.3718,-0.4408
1743184290.283,-0.0345,-1.6224,0.3717,-0.4492
1743184290.299,-0.0396,-1.6185,0.3718,-0.4550
1743184290.316,-0.0446,-1.6143,0.3720,-0.4607
1743184290.333,-0.0497,-1.6099,0.3721,-0.4666
1743184290.349,-0.0547,-1.6053,0.3722,-0.4732
1743184290.367,-0.0595,-1.6008,0.3723,-0.4803
1743184290.375,-0.0620,-1.5985,0.3724,-0.4842
1743184290.400,-0.0692,-1.5922,0.3724,-0.4963
1743184290.416,-0.0738,-1.5881,0.3725,-0.5046
1743184290.433,-0.0785,-1.5839,0.3727,-0.5125
1743184290.450,-0.0830,-1.5795,0.3730,-0.5201
1743184290.466,-0.0875,-1.5747,0.3734,-0.5280
1743184290.482,-0.0919,-1.5698,0.3738,-0.5362
1743184290.499,-0.0963,-1.5649,0.3739,-0.5452
1743184290.516,-0.1008,-1.5602,0.3737,-0.5543
1743184290.533,-0.1052,-1.5558,0.3736,-0.5628
1743184290.541,-0.1074,-1.5536,0.3736,-0.5669
1743184290.558,-0.1118,-1.5489,0.3739,-0.5752
1743184290.584,-0.1182,-1.5417,0.3745,-0.5856
1743184290.599,-0.1227,-1.5367,0.3748,-0.5926
1743184290.616,-0.1270,-1.5317,0.3749,-0.5996
1743184290.633,-0.1313,-1.5270,0.3749,-0.6068
1743184290.649,-0.1357,-1.5226,0.3748,-0.6133
1743184290.666,-0.1401,-1.5180,0.3749,-0.6195
1743184290.683,-0.1443,-1.5130,0.3752,-0.6252
1743184290.699,-0.1486,-1.5079,0.3755,-0.6307
1743184290.717,-0.1529,-1.5029,0.3757,-0.6365
1743184290.734,-0.1573,-1.4980,0.3757,-0.6410
1743184290.750,-0.1617,-1.4931,0.3755,-0.6438
1743184290.766,-0.1663,-1.4882,0.3754,-0.6457
1743184290.776,-0.1686,-1.4859,0.3755,-0.6465
1743184290.791,-0.1733,-1.4815,0.3756,-0.6484
1743184290.809,-0.1778,-1.4771,0.3757,-0.6508
1743184290.833,-0.1845,-1.4699,0.3758,-0.6553
1743184290.850,-0.1891,-1.4655,0.3758,-0.6568
1743184290.867,-0.1939,-1.4610,0.3759,-0.6562
1743184290.883,-0.1987,-1.4565,0.3762,-0.6546
1743184290.900,-0.2035,-1.4517,0.3765,-0.6535
1743184290.916,-0.2081,-1.4467,0.3767,-0.6537
1743184290.933,-0.2127,-1.4417,0.3766,-0.6549
1743184290.950,-0.2173,-1.4369,0.3765,-0.6564
1743184290.960,-0.2197,-1.4345,0.3765,-0.6572
1743184290.975,-0.2245,-1.4299,0.3767,-0.6584
1743184290.992,-0.2292,-1.4256,0.3769,-0.6595
1743184291.016,-0.2359,-1.4190,0.3772,-0.6607
1743184291.034,-0.2402,-1.4145,0.3771,-0.6617
1743184291.050,-0.2444,-1.4096,0.3770,-0.6630
1743184291.067,-0.2486,-1.4046,0.3772,-0.6649
1743184291.083,-0.2530,-1.3995,0.3775,-0.6669
1743184291.099,-0.2576,-1.3946,0.3777,-0.6690
1743184291.117,-0.2622,-1.3898,0.3776,-0.6715
1743184291.125,-0.2645,-1.3875,0.3774,-0.6725
1743184291.150,-0.2715,-1.3803,0.3771,-0.6753
1743184291.167,-0.2762,-1.3756,0.3773,-0.6770
1743184291.176,-0.2785,-1.3731,0.3774,-0.6780
1743184291.192,-0.2829,-1.3685,0.3776,-0.6800
1743184291.216,-0.2894,-1.3615,0.3778,-0.6835
1743184291.232,-0.2936,-1.3566,0.3779,-0.6859
1743184291.249,-0.2979,-1.3517,0.3779,-0.6883
1743184291.266,-0.3022,-1.3468,0.3779,-0.6905
1743184291.283,-0.3065,-1.3421,0.3780,-0.6926
1743184291.299,-0.3109,-1.3375,0.3780,-0.6947
1743184291.316,-0.3153,-1.3328,0.3780,-0.6970
1743184291.333,-0.3197,-1.3281,0.3781,-0.6993
1743184291.341,-0.3219,-1.3258,0.3781,-0.7003
1743184291.358,-0.3263,-1.3209,0.3781,-0.7022
1743184291.375,-0.3305,-1.3159,0.3782,-0.7042
1743184291.399,-0.3369,-1.3082,0.3782,-0.7073
1743184291.416,-0.3411,-1.3031,0.3782,-0.7097
1743184291.433,-0.3453,-1.2981,0.3783,-0.7122
1743184291.450,-0.3495,-1.2933,0.3784,-0.7144
1743184291.466,-0.3537,-1.2885,0.3783,-0.7166
1743184291.482,-0.3579,-1.2836,0.3784,-0.7184
1743184291.499,-0.3621,-1.2788,0.3786,-0.7202
1743184291.517,-0.3662,-1.2741,0.3789,-0.7221
1743184291.533,-0.3703,-1.2694,0.3791,-0.7243
1743184291.541,-0.3723,-1.2670,0.3792,-0.7254
1743184291.558,-0.3764,-1.2620,0.3792,-0.7279
1743184291.584,-0.3824,-1.2545,0.3791,-0.7314
1743184291.600,-0.3866,-1.2495,0.3791,-0.7334
1743184291.616,-0.3907,-1.2445,0.3790,-0.7357
1743184291.626,-0.3928,-1.2418,0.3789,-0.7369
1743184291.649,-0.3990,-1.2339,0.3788,-0.7403
1743184291.666,-0.4031,-1.2287,0.3790,-0.7422
1743184291.683,-0.4071,-1.2237,0.3792,-0.7438
1743184291.700,-0.4110,-1.2186,0.3794,-0.7458
1743184291.716,-0.4149,-1.2137,0.3794,-0.7479
1743184291.734,-0.4188,-1.2088,0.3794,-0.7505
1743184291.750,-0.4229,-1.2041,0.3797,-0.7531
1743184291.769,-0.4269,-1.1997,0.3800,-0.7555
1743184291.783,-0.4309,-1.1950,0.3799,-0.7579
1743184291.792,-0.4328,-1.1925,0.3798,-0.7590
1743184291.817,-0.4387,-1.1845,0.3798,-0.7617
1743184291.826,-0.4406,-1.1817,0.3799,-0.7626
1743184291.841,-0.4444,-1.1760,0.3801,-0.7643
1743184291.867,-0.4502,-1.1675,0.3803,-0.7676
1743184291.884,-0.4540,-1.1620,0.3803,-0.7703
1743184291.900,-0.4578,-1.1566,0.3803,-0.7727
1743184291.909,-0.4597,-1.1541,0.3803,-0.7739
1743184291.927,-0.4636,-1.1493,0.3802,-0.7760
1743184291.942,-0.4674,-1.1445,0.3801,-0.7781
1743184291.959,-0.4712,-1.1398,0.3802,-0.7802
1743184291.977,-0.4750,-1.1351,0.3805,-0.7823
1743184292.000,-0.4805,-1.1275,0.3808,-0.7855
1743184292.017,-0.4841,-1.1223,0.3808,-0.7878
1743184292.024,-0.4859,-1.1195,0.3807,-0.7888
1743184292.050,-0.4913,-1.1112,0.3806,-0.7922
1743184292.059,-0.4931,-1.1085,0.3807,-0.7936
1743184292.083,-0.4987,-1.1005,0.3807,-0.7985
1743184292.092,-0.5006,-1.0978,0.3806,-0.8004
1743184292.116,-0.5061,-1.0899,0.3804,-0.8049
1743184292.134,-0.5098,-1.0845,0.3805,-0.8074
1743184292.150,-0.5134,-1.0790,0.3808,-0.8097
1743184292.158,-0.5150,-1.0764,0.3809,-0.8110
1743184292.182,-0.5204,-1.0685,0.3811,-0.8152
1743184292.199,-0.5240,-1.0633,0.3811,-0.8183
1743184292.216,-0.5275,-1.0582,0.3813,-0.8216
1743184292.232,-0.5311,-1.0533,0.3813,-0.8247
1743184292.249,-0.5347,-1.0481,0.3812,-0.8278
1743184292.267,-0.5382,-1.0429,0.3810,-0.8309
1743184292.284,-0.5418,-1.0372,0.3810,-0.8334
1743184292.300,-0.5452,-1.0314,0.3812,-0.8357
1743184292.317,-0.5485,-1.0256,0.3813,-0.8384
1743184292.333,-0.5517,-1.0199,0.3814,-0.8423
1743184292.349,-0.5548,-1.0141,0.3814,-0.8483
1743184292.358,-0.5563,-1.0112,0.3814,-0.8516
1743184292.383,-0.5609,-1.0028,0.3813,-0.8618
1743184292.399,-0.5640,-0.9975,0.3812,-0.8679
1743184292.407,-0.5656,-0.9948,0.3812,-0.8709
1743184292.433,-0.5702,-0.9864,0.3813,-0.8796
1743184292.449,-0.5730,-0.9807,0.3813,-0.8859
1743184292.466,-0.5757,-0.9749,0.3814,-0.8941
1743184292.483,-0.5784,-0.9692,0.3814,-0.9031
1743184292.500,-0.5812,-0.9636,0.3812,-0.9127
1743184292.516,-0.5838,-0.9581,0.3812,-0.9219
1743184292.533,-0.5862,-0.9524,0.3814,-0.9308
1743184292.549,-0.5884,-0.9465,0.3818,-0.9397
1743184292.558,-0.5895,-0.9434,0.3821,-0.9443
1743184292.583,-0.5926,-0.9343,0.3824,-0.9584
1743184292.600,-0.5947,-0.9283,0.3822,-0.9682
1743184292.616,-0.5969,-0.9226,0.3819,-0.9774
1743184292.633,-0.5990,-0.9170,0.3819,-0.9863
1743184292.650,-0.6010,-0.9109,0.3822,-0.9955
1743184292.666,-0.6027,-0.9046,0.3826,-1.0045
1743184292.682,-0.6044,-0.8982,0.3828,-1.0139
1743184292.700,-0.6062,-0.8919,0.3829,-1.0236
1743184292.717,-0.6080,-0.8859,0.3826,-1.0330
1743184292.727,-0.6089,-0.8828,0.3825,-1.0376
1743184292.743,-0.6106,-0.8767,0.3825,-1.0466
1743184292.760,-0.6119,-0.8702,0.3828,-1.0560
1743184292.783,-0.6138,-0.8604,0.3832,-1.0703
1743184292.792,-0.6144,-0.8571,0.3833,-1.0753
1743184292.817,-0.6163,-0.8478,0.3830,-1.0909
1743184292.833,-0.6176,-0.8417,0.3826,-1.1010
1743184292.850,-0.6186,-0.8354,0.3825,-1.1111
1743184292.865,-0.6190,-0.8321,0.3826,-1.1159
1743184292.883,-0.6200,-0.8225,0.3829,-1.1302
1743184292.899,-0.6208,-0.8163,0.3831,-1.1395
1743184292.908,-0.6212,-0.8131,0.3831,-1.1444
1743184292.926,-0.6219,-0.8072,0.3830,-1.1541
1743184292.943,-0.6226,-0.8012,0.3830,-1.1638
1743184292.958,-0.6231,-0.7950,0.3831,-1.1736
1743184292.976,-0.6230,-0.7888,0.3833,-1.1831
1743184292.999,-0.6232,-0.7793,0.3837,-1.1969
1743184293.017,-0.6233,-0.7732,0.3837,-1.2064
1743184293.026,-0.6235,-0.7702,0.3835,-1.2113
1743184293.042,-0.6238,-0.7642,0.3833,-1.2208
1743184293.059,-0.6242,-0.7582,0.3832,-1.2301
1743184293.081,-0.6244,-0.7521,0.3833,-1.2401
1743184293.093,-0.6245,-0.7460,0.3835,-1.2496
1743184293.116,-0.6248,-0.7369,0.3839,-1.2643
1743184293.125,-0.6249,-0.7338,0.3838,-1.2694
1743184293.142,-0.6250,-0.7276,0.3836,-1.2793
1743184293.167,-0.6254,-0.7186,0.3833,-1.2933
1743184293.183,-0.6255,-0.7123,0.3833,-1.3026
1743184293.200,-0.6254,-0.7060,0.3836,-1.3115
1743184293.216,-0.6255,-0.6998,0.3839,-1.3204
1743184293.232,-0.6254,-0.6934,0.3839,-1.3300
1743184293.249,-0.6253,-0.6872,0.3837,-1.3398
1743184293.263,-0.6252,-0.6840,0.3837,-1.3446
1743184293.275,-0.6251,-0.6779,0.3835,-1.3540
1743184293.299,-0.6246,-0.6685,0.3838,-1.3681
1743184293.317,-0.6242,-0.6623,0.3842,-1.3774
1743184293.333,-0.6238,-0.6561,0.3843,-1.3870
1743184293.341,-0.6236,-0.6530,0.3843,-1.3921
1743184293.358,-0.6231,-0.6468,0.3840,-1.4019
1743184293.375,-0.6228,-0.6407,0.3838,-1.4114
1743184293.399,-0.6218,-0.6312,0.3838,-1.4255
1743184293.416,-0.6208,-0.6248,0.3841,-1.4349
1743184293.432,-0.6198,-0.6183,0.3844,-1.4443
1743184293.449,-0.6189,-0.6119,0.3844,-1.4542
1743184293.465,-0.6180,-0.6056,0.3841,-1.4638
1743184293.483,-0.6173,-0.5994,0.3839,-1.4729
1743184293.499,-0.6163,-0.5930,0.3839,-1.4817
1743184293.517,-0.6148,-0.5865,0.3841,-1.4907
1743184293.533,-0.6133,-0.5801,0.3845,-1.4995
1743184293.541,-0.6126,-0.5769,0.3847,-1.5038
1743184293.558,-0.6112,-0.5704,0.3847,-1.5124
1743184293.575,-0.6101,-0.5642,0.3844,-1.5202
1743184293.592,-0.6090,-0.5581,0.3841,-1.5275
1743184293.616,-0.6071,-0.5489,0.3841,-1.5377
1743184293.633,-0.6055,-0.5424,0.3844,-1.5444
1743184293.650,-0.6038,-0.5360,0.3845,-1.5508
1743184293.666,-0.6023,-0.5298,0.3846,-1.5567
1743184293.682,-0.6008,-0.5235,0.3845,-1.5624
1743184293.700,-0.5997,-0.5173,0.3843,-1.5680
1743184293.716,-0.5985,-0.5112,0.3842,-1.5738
1743184293.733,-0.5973,-0.5051,0.3842,-1.5796
1743184293.742,-0.5966,-0.5020,0.3842,-1.5825
1743184293.766,-0.5943,-0.4926,0.3844,-1.5912
1743184293.775,-0.5936,-0.4895,0.3845,-1.5942
1743184293.800,-0.5913,-0.4800,0.3845,-1.6032
1743184293.808,-0.5905,-0.4769,0.3845,-1.6063
1743184293.825,-0.5890,-0.4706,0.3843,-1.6122
1743184293.842,-0.5875,-0.4644,0.3842,-1.6182
1743184293.862,-0.5860,-0.4581,0.3840,-1.6241
1743184293.880,-0.5842,-0.4519,0.3839,-1.6301
1743184293.893,-0.5822,-0.4455,0.3841,-1.6363
1743184293.917,-0.5793,-0.4362,0.3844,-1.6455
1743184293.926,-0.5783,-0.4330,0.3843,-1.6488
1743184293.950,-0.5751,-0.4237,0.3842,-1.6588
1743184293.959,-0.5741,-0.4207,0.3842,-1.6620
1743184293.983,-0.5712,-0.4117,0.3840,-1.6718
1743184293.992,-0.5701,-0.4086,0.3840,-1.6752
1743184294.017,-0.5666,-0.3993,0.3839,-1.6850
1743184294.026,-0.5654,-0.3962,0.3840,-1.6881
1743184294.043,-0.5630,-0.3900,0.3842,-1.6946
1743184294.066,-0.5595,-0.3805,0.3842,-1.7045
1743184294.083,-0.5572,-0.3743,0.3841,-1.7113
1743184294.099,-0.5552,-0.3682,0.3840,-1.7179
1743184294.109,-0.5540,-0.3651,0.3840,-1.7213
1743184294.133,-0.5505,-0.3559,0.3841,-1.7305
1743184294.150,-0.5477,-0.3498,0.3845,-1.7370
1743184294.158,-0.5464,-0.3468,0.3846,-1.7404
1743184294.176,-0.5436,-0.3407,0.3847,-1.7476
1743184294.200,-0.5395,-0.3317,0.3845,-1.7584
1743184294.216,-0.5369,-0.3257,0.3844,-1.7655
1743184294.232,-0.5344,-0.3197,0.3843,-1.7723
1743184294.249,-0.5317,-0.3137,0.3843,-1.7789
1743184294.266,-0.5288,-0.3077,0.3846,-1.7856
1743184294.282,-0.5259,-0.3018,0.3848,-1.7929
1743184294.299,-0.5226,-0.2959,0.3850,-1.8005
1743184294.317,-0.5197,-0.2900,0.3850,-1.8079
1743184294.333,-0.5167,-0.2841,0.3849,-1.8155
1743184294.341,-0.5151,-0.2812,0.3848,-1.8194
1743184294.358,-0.5120,-0.2754,0.3848,-1.8264
1743184294.382,-0.5070,-0.2667,0.3852,-1.8367
1743184294.399,-0.5037,-0.2609,0.3855,-1.8439
1743184294.417,-0.5003,-0.2552,0.3855,-1.8509
1743184294.433,-0.4971,-0.2495,0.3855,-1.8582
1743184294.449,-0.4941,-0.2438,0.3853,-1.8657
1743184294.466,-0.4910,-0.2382,0.3851,-1.8733
1743184294.483,-0.4877,-0.2326,0.3851,-1.8806
1743184294.499,-0.4844,-0.2269,0.3852,-1.8878
1743184294.517,-0.4806,-0.2212,0.3853,-1.8949
1743184294.534,-0.4768,-0.2156,0.3854,-1.9022
1743184294.549,-0.4732,-0.2101,0.3855,-1.9091
1743184294.558,-0.4715,-0.2073,0.3854,-1.9126
1743184294.575,-0.4683,-0.2020,0.3853,-1.9192
1743184294.599,-0.4633,-0.1940,0.3852,-1.9293
1743184294.617,-0.4598,-0.1887,0.3853,-1.9361
1743184294.633,-0.4561,-0.1835,0.3853,-1.9428
1743184294.650,-0.4523,-0.1783,0.3855,-1.9494
1743184294.666,-0.4487,-0.1731,0.3855,-1.9563
1743184294.683,-0.4450,-0.1680,0.3853,-1.9632
1743184294.696,-0.4431,-0.1653,0.3852,-1.9670
1743184294.716,-0.4374,-0.1573,0.3850,-1.9782
1743184294.732,-0.4337,-0.1521,0.3850,-1.9853
1743184294.742,-0.4319,-0.1494,0.3851,-1.9886
1743184294.759,-0.4281,-0.1443,0.3852,-1.9951
1743184294.775,-0.4243,-0.1392,0.3852,-2.0008
1743184294.792,-0.4205,-0.1342,0.3852,-2.0064
1743184294.816,-0.4146,-0.1263,0.3850,-2.0148
1743184294.833,-0.4109,-0.1211,0.3850,-2.0202
1743184294.849,-0.4072,-0.1159,0.3849,-2.0250
1743184294.867,-0.4036,-0.1107,0.3849,-2.0293
1743184294.883,-0.3997,-0.1054,0.3850,-2.0334
1743184294.900,-0.3958,-0.1002,0.3851,-2.0371
1743184294.916,-0.3919,-0.0951,0.3850,-2.0415
1743184294.925,-0.3899,-0.0925,0.3850,-2.0437
1743184294.950,-0.3839,-0.0848,0.3849,-2.0506
1743184294.967,-0.3799,-0.0799,0.3848,-2.0553
1743184294.975,-0.3780,-0.0773,0.3848,-2.0576
1743184294.992,-0.3739,-0.0721,0.3847,-2.0623
1743184295.016,-0.3676,-0.0646,0.3849,-2.0688
1743184295.033,-0.3634,-0.0597,0.3851,-2.0729
1743184295.050,-0.3594,-0.0548,0.3852,-2.0772
1743184295.066,-0.3553,-0.0499,0.3851,-2.0817
1743184295.084,-0.3511,-0.0451,0.3850,-2.0866
1743184295.100,-0.3470,-0.0402,0.3849,-2.0914
1743184295.108,-0.3450,-0.0376,0.3848,-2.0935
1743184295.127,-0.3411,-0.0327,0.3847,-2.0978
1743184295.142,-0.3369,-0.0278,0.3848,-2.1023
1743184295.167,-0.3303,-0.0205,0.3851,-2.1088
1743184295.176,-0.3283,-0.0182,0.3852,-2.1110
1743184295.200,-0.3218,-0.0110,0.3851,-2.1178
1743184295.208,-0.3195,-0.0087,0.3851,-2.1202
1743184295.233,-0.3129,-0.0015,0.3849,-2.1272
1743184295.249,-0.3084,0.0032,0.3848,-2.1317
1743184295.267,-0.3040,0.0078,0.3846,-2.1360
1743184295.283,-0.2993,0.0125,0.3846,-2.1405
1743184295.300,-0.2945,0.0171,0.3848,-2.1449
1743184295.316,-0.2897,0.0217,0.3851,-2.1495
1743184295.325,-0.2873,0.0240,0.3852,-2.1518
1743184295.349,-0.2802,0.0307,0.3853,-2.1588
1743184295.367,-0.2756,0.0353,0.3852,-2.1627
1743184295.375,-0.2734,0.0375,0.3851,-2.1643
1743184295.391,-0.2692,0.0423,0.3850,-2.1668
1743184295.408,-0.2651,0.0471,0.3849,-2.1690
1743184295.433,-0.2587,0.0542,0.3851,-2.1730
1743184295.449,-0.2543,0.0589,0.3853,-2.1761
1743184295.458,-0.2519,0.0612,0.3853,-2.1775
1743184295.484,-0.2451,0.0679,0.3851,-2.1820
1743184295.500,-0.2402,0.0725,0.3850,-2.1849
1743184295.517,-0.2355,0.0771,0.3850,-2.1878
1743184295.533,-0.2310,0.0816,0.3850,-2.1906
1743184295.549,-0.2266,0.0863,0.3849,-2.1937
1743184295.566,-0.2222,0.0909,0.3847,-2.1964
1743184295.575,-0.2199,0.0932,0.3846,-2.1981
1743184295.592,-0.2153,0.0978,0.3845,-2.2008
1743184295.616,-0.2081,0.1047,0.3847,-2.2047
1743184295.633,-0.2033,0.1093,0.3847,-2.2075
1743184295.649,-0.1984,0.1139,0.3847,-2.2105
1743184295.666,-0.1936,0.1184,0.3846,-2.2136
1743184295.682,-0.1890,0.1230,0.3845,-2.2168
1743184295.699,-0.1846,0.1276,0.3843,-2.2200
1743184295.717,-0.1802,0.1321,0.3841,-2.2229
1743184295.733,-0.1755,0.1366,0.3840,-2.2253
1743184295.750,-0.1708,0.1410,0.3841,-2.2277
1743184295.766,-0.1658,0.1454,0.3843,-2.2301
1743184295.775,-0.1633,0.1476,0.3844,-2.2315
1743184295.791,-0.1583,0.1518,0.3845,-2.2346
1743184295.809,-0.1532,0.1560,0.3844,-2.2379
1743184295.825,-0.1483,0.1603,0.3844,-2.2409
1743184295.842,-0.1436,0.1645,0.3843,-2.2442
1743184295.859,-0.1388,0.1688,0.3842,-2.2470
1743184295.880,-0.1342,0.1732,0.3841,-2.2498
1743184295.900,-0.1271,0.1797,0.3840,-2.2540
1743184295.916,-0.1222,0.1839,0.3841,-2.2567
1743184295.925,-0.1197,0.1861,0.3841,-2.2582
1743184295.949,-0.1121,0.1924,0.3840,-2.2627
1743184295.959,-0.1095,0.1944,0.3840,-2.2643
1743184295.983,-0.1016,0.2008,0.3838,-2.2691
1743184295.992,-0.0991,0.2029,0.3838,-2.2707
1743184296.009,-0.0943,0.2072,0.3836,-2.2738
1743184296.033,-0.0867,0.2135,0.3835,-2.2781
1743184296.050,-0.0817,0.2176,0.3836,-2.2806
1743184296.067,-0.0767,0.2216,0.3839,-2.2832
1743184296.075,-0.0743,0.2236,0.3840,-2.2846
1743184296.099,-0.0663,0.2294,0.3840,-2.2896
1743184296.117,-0.0611,0.2333,0.3839,-2.2928
1743184296.133,-0.0559,0.2374,0.3840,-2.2961
1743184296.150,-0.0511,0.2415,0.3840,-2.2988
1743184296.160,-0.0486,0.2436,0.3839,-2.3003
1743184296.176,-0.0437,0.2476,0.3838,-2.3033
1743184296.200,-0.0362,0.2537,0.3836,-2.3073
1743184296.209,-0.0337,0.2556,0.3836,-2.3086
1743184296.228,-0.0283,0.2596,0.3837,-2.3111
1743184296.243,-0.0228,0.2633,0.3837,-2.3140
1743184296.266,-0.0143,0.2690,0.3837,-2.3188
1743184296.283,-0.0088,0.2728,0.3837,-2.3223
1743184296.300,-0.0037,0.2766,0.3835,-2.3256
1743184296.316,0.0013,0.2804,0.3834,-2.3291
1743184296.325,0.0038,0.2824,0.3833,-2.3306
1743184296.349,0.0115,0.2882,0.3835,-2.3342
1743184296.366,0.0164,0.2924,0.3838,-2.3335
1743184296.375,0.0188,0.2945,0.3840,-2.3322
1743184296.391,0.0235,0.2988,0.3841,-2.3284
1743184296.416,0.0305,0.3048,0.3837,-2.3229
1743184296.433,0.0355,0.3086,0.3835,-2.3207
1743184296.450,0.0405,0.3127,0.3833,-2.3185
1743184296.466,0.0450,0.3169,0.3835,-2.3150
1743184296.482,0.0492,0.3212,0.3836,-2.3096
1743184296.499,0.0532,0.3256,0.3836,-2.3016
1743184296.516,0.0569,0.3304,0.3836,-2.2902
1743184296.533,0.0604,0.3352,0.3834,-2.2768
1743184296.549,0.0639,0.3401,0.3832,-2.2619
1743184296.567,0.0671,0.3448,0.3832,-2.2460
1743184296.576,0.0685,0.3471,0.3833,-2.2379
1743184296.593,0.0714,0.3518,0.3836,-2.2209
1743184296.616,0.0752,0.3588,0.3839,-2.1934
1743184296.633,0.0776,0.3635,0.3837,-2.1744
1743184296.649,0.0797,0.3683,0.3833,-2.1553
1743184296.666,0.0817,0.3730,0.3831,-2.1365
1743184296.683,0.0834,0.3775,0.3834,-2.1182
1743184296.699,0.0850,0.3821,0.3838,-2.0995
1743184296.716,0.0864,0.3868,0.3839,-2.0803
1743184296.733,0.0878,0.3914,0.3836,-2.0609
1743184296.749,0.0890,0.3959,0.3833,-2.0419
1743184296.766,0.0899,0.4007,0.3833,-2.0232
1743184296.774,0.0903,0.4032,0.3834,-2.0139
1743184296.791,0.0910,0.4081,0.3837,-1.9946
1743184296.816,0.0923,0.4152,0.3836,-1.9657
1743184296.833,0.0929,0.4201,0.3835,-1.9465
1743184296.849,0.0932,0.4251,0.3837,-1.9276
1743184296.866,0.0934,0.4300,0.3840,-1.9084
1743184296.882,0.0937,0.4348,0.3840,-1.8891
1743184296.891,0.0939,0.4371,0.3839,-1.8791
1743184296.911,0.0941,0.4417,0.3836,-1.8593
1743184296.926,0.0943,0.4462,0.3835,-1.8401
1743184296.950,0.0942,0.4531,0.3837,-1.8111
1743184296.959,0.0940,0.4554,0.3839,-1.8016
1743184296.983,0.0935,0.4624,0.3841,-1.7721
1743184297.000,0.0929,0.4671,0.3840,-1.7525
1743184297.009,0.0926,0.4696,0.3840,-1.7426
1743184297.026,0.0918,0.4743,0.3842,-1.7232
1743184297.050,0.0906,0.4814,0.3846,-1.6940
1743184297.066,0.0899,0.4862,0.3843,-1.6738
1743184297.084,0.0890,0.4910,0.3838,-1.6537
1743184297.099,0.0878,0.4958,0.3833,-1.6340
1743184297.117,0.0866,0.5006,0.3834,-1.6148
1743184297.133,0.0853,0.5053,0.3839,-1.5956
1743184297.143,0.0846,0.5076,0.3841,-1.5859
1743184297.166,0.0826,0.5147,0.3841,-1.5557
1743184297.176,0.0818,0.5171,0.3839,-1.5458
1743184297.192,0.0800,0.5219,0.3835,-1.5258
1743184297.209,0.0782,0.5266,0.3837,-1.5065
1743184297.233,0.0760,0.5335,0.3841,-1.4773
1743184297.242,0.0752,0.5359,0.3841,-1.4673
1743184297.267,0.0721,0.5430,0.3840,-1.4373
1743184297.276,0.0710,0.5453,0.3840,-1.4276
1743184297.292,0.0688,0.5498,0.3844,-1.4082
1743184297.317,0.0662,0.5565,0.3846,-1.3787
1743184297.326,0.0652,0.5587,0.3845,-1.3686
1743184297.350,0.0616,0.5653,0.3842,-1.3386
1743184297.367,0.0591,0.5694,0.3841,-1.3187
1743184297.383,0.0567,0.5736,0.3843,-1.2987
1743184297.400,0.0543,0.5776,0.3843,-1.2784
1743184297.417,0.0518,0.5816,0.3841,-1.2583
1743184297.426,0.0506,0.5836,0.3840,-1.2481
1743184297.442,0.0480,0.5878,0.3840,-1.2288
1743184297.467,0.0438,0.5938,0.3845,-1.1995
1743184297.475,0.0424,0.5957,0.3846,-1.1896
1743184297.500,0.0382,0.6017,0.3843,-1.1597
1743184297.508,0.0367,0.6038,0.3843,-1.1501
1743184297.533,0.0320,0.6095,0.3846,-1.1207
1743184297.550,0.0290,0.6131,0.3850,-1.1009
1743184297.567,0.0261,0.6167,0.3849,-1.0808
1743184297.583,0.0228,0.6201,0.3845,-1.0604
1743184297.592,0.0211,0.6218,0.3844,-1.0504
1743184297.610,0.0177,0.6249,0.3845,-1.0308
1743184297.626,0.0144,0.6283,0.3850,-1.0113
1743184297.649,0.0091,0.6332,0.3852,-0.9813
1743184297.666,0.0052,0.6364,0.3849,-0.9606
1743184297.683,0.0010,0.6394,0.3846,-0.9401
1743184297.700,-0.0030,0.6424,0.3847,-0.9202
1743184297.717,-0.0068,0.6454,0.3850,-0.9002
1743184297.730,-0.0087,0.6469,0.3850,-0.8900
1743184297.749,-0.0149,0.6512,0.3849,-0.8593
1743184297.766,-0.0194,0.6538,0.3848,-0.8389
1743184297.784,-0.0238,0.6564,0.3849,-0.8187
1743184297.800,-0.0281,0.6591,0.3850,-0.7987
1743184297.808,-0.0303,0.6604,0.3850,-0.7885
1743184297.833,-0.0371,0.6641,0.3844,-0.7573
1743184297.849,-0.0417,0.6664,0.3843,-0.7374
1743184297.866,-0.0465,0.6689,0.3846,-0.7193
1743184297.883,-0.0512,0.6712,0.3848,-0.7025
1743184297.900,-0.0559,0.6736,0.3849,-0.6861
1743184297.912,-0.0582,0.6748,0.3847,-0.6780
1743184297.933,-0.0652,0.6782,0.3843,-0.6543
1743184297.949,-0.0698,0.6805,0.3844,-0.6404
1743184297.959,-0.0722,0.6816,0.3845,-0.6340
1743184297.983,-0.0793,0.6848,0.3850,-0.6171
1743184297.992,-0.0817,0.6861,0.3850,-0.6121
1743184298.016,-0.0895,0.6898,0.3846,-0.5974
1743184298.028,-0.0922,0.6910,0.3844,-0.5927
1743184298.042,-0.0976,0.6935,0.3846,-0.5837
1743184298.067,-0.1054,0.6977,0.3850,-0.5742
1743184298.080,-0.1082,0.6993,0.3851,-0.5724
1743184298.099,-0.1136,0.7022,0.3852,-0.5698
1743184298.112,-0.1191,0.7054,0.3853,-0.5690
1743184298.112,-0.1191,0.7054,0.3853,-0.5690
1743184298.112,-0.1191,0.7054,0.3853,-0.5690
1743184298.164,-0.1344,0.7178,0.3852,-0.5665
1743184298.183,-0.1418,0.7247,0.3853,-0.5640
1743184298.200,-0.1467,0.7291,0.3856,-0.5626
1743184298.209,-0.1491,0.7312,0.3856,-0.5620
1743184298.233,-0.1569,0.7372,0.3855,-0.5610
1743184298.250,-0.1622,0.7411,0.3854,-0.5601
1743184298.258,-0.1648,0.7429,0.3854,-0.5597
1743184298.283,-0.1726,0.7487,0.3860,-0.5582
1743184298.300,-0.1777,0.7525,0.3863,-0.5570
1743184298.316,-0.1828,0.7565,0.3862,-0.5551
1743184298.324,-0.1852,0.7584,0.3860,-0.5543
1743184298.349,-0.1926,0.7642,0.3860,-0.5524
1743184298.358,-0.1951,0.7661,0.3861,-0.5520
1743184298.383,-0.2029,0.7718,0.3867,-0.5506
1743184298.399,-0.2082,0.7755,0.3869,-0.5497
1743184298.416,-0.2136,0.7792,0.3870,-0.5486
1743184298.433,-0.2189,0.7829,0.3871,-0.5473
1743184298.450,-0.2243,0.7869,0.3872,-0.5465
1743184298.467,-0.2296,0.7909,0.3874,-0.5459
1743184298.477,-0.2321,0.7930,0.3875,-0.5457
1743184298.500,-0.2393,0.7993,0.3877,-0.5451
1743184298.508,-0.2416,0.8014,0.3878,-0.5449
1743184298.529,-0.2465,0.8055,0.3876,-0.5444
1743184298.542,-0.2514,0.8093,0.3876,-0.5441
1743184298.567,-0.2588,0.8149,0.3878,-0.5438
1743184298.576,-0.2613,0.8168,0.3878,-0.5437
1743184298.592,-0.2664,0.8208,0.3879,-0.5437
1743184298.616,-0.2740,0.8267,0.3880,-0.5436
1743184298.625,-0.2766,0.8287,0.3881,-0.5434
1743184298.650,-0.2843,0.8348,0.3882,-0.5430
1743184298.666,-0.2896,0.8386,0.3880,-0.5422
1743184298.683,-0.2942,0.8420,0.3879,-0.5403
1743184298.699,-0.2979,0.8447,0.3882,-0.5380
1743184298.716,-0.3007,0.8467,0.3884,-0.5361
1743184298.733,-0.3025,0.8483,0.3884,-0.5351
1743184298.749,-0.3034,0.8491,0.3883,-0.5354
1743184298.766,-0.3033,0.8492,0.3884,-0.5368
1743184298.783,-0.3026,0.8486,0.3885,-0.5382
1743184298.791,-0.3022,0.8482,0.3885,-0.5386
1743184298.809,-0.3013,0.8473,0.3883,-0.5389
1743184298.833,-0.3001,0.8463,0.3881,-0.5391
1743184298.849,-0.2992,0.8458,0.3882,-0.5393
1743184298.866,-0.2983,0.8453,0.3882,-0.5392
1743184298.882,-0.2976,0.8449,0.3882,-0.5389
1743184298.899,-0.2970,0.8445,0.3881,-0.5388
1743184298.916,-0.2967,0.8442,0.3881,-0.5390
1743184298.933,-0.2966,0.8441,0.3881,-0.5392
1743184298.950,-0.2967,0.8441,0.3881,-0.5394
1743184298.966,-0.2969,0.8442,0.3881,-0.5396
1743184298.983,-0.2971,0.8443,0.3880,-0.5395
1743184298.992,-0.2972,0.8444,0.3880,-0.5394
1743184299.009,-0.2974,0.8446,0.3881,-0.5393
1743184299.027,-0.2975,0.8448,0.3881,-0.5393
1743184299.042,-0.2977,0.8449,0.3881,-0.5393
1743184299.059,-0.2978,0.8450,0.3881,-0.5393
1743184299.084,-0.2981,0.8451,0.3881,-0.5393
1743184299.100,-0.2983,0.8452,0.3881,-0.5395
1743184299.117,-0.2984,0.8453,0.3881,-0.5395
1743184299.129,-0.2984,0.8454,0.3881,-0.5394
1743184299.142,-0.2985,0.8455,0.3881,-0.5394
1743184299.161,-0.2986,0.8456,0.3881,-0.5394
1743184299.176,-0.2986,0.8456,0.3881,-0.5394
1743184299.200,-0.2987,0.8456,0.3881,-0.5394
1743184299.209,-0.2987,0.8456,0.3881,-0.5395
1743184299.233,-0.2987,0.8456,0.3881,-0.5395
1743184299.244,-0.2987,0.8456,0.3881,-0.5395
1743184299.261,-0.2987,0.8456,0.3881,-0.5395
1743184299.277,-0.2986,0.8456,0.3881,-0.5395
1743184299.292,-0.2986,0.8456,0.3881,-0.5394
1743184299.309,-0.2986,0.8455,0.3881,-0.5394
1743184299.333,-0.2985,0.8455,0.3881,-0.5395
1743184299.349,-0.2985,0.8454,0.3881,-0.5395
1743184299.358,-0.2984,0.8454,0.3881,-0.5395
1743184299.383,-0.2983,0.8453,0.3881,-0.5395
1743184299.392,-0.2983,0.8453,0.3881,-0.5395
1743184299.416,-0.2982,0.8452,0.3881,-0.5395
1743184299.426,-0.2982,0.8452,0.3880,-0.5394
1743184299.442,-0.2981,0.8452,0.3880,-0.5394
1743184299.460,-0.2981,0.8451,0.3880,-0.5394
1743184299.484,-0.2980,0.8451,0.3880,-0.5394
1743184299.493,-0.2980,0.8451,0.3880,-0.5395
1743184299.508,-0.2979,0.8451,0.3880,-0.5395
1743184299.529,-0.2979,0.8450,0.3880,-0.5395
1743184299.550,-0.2979,0.8450,0.3880,-0.5395
1743184299.561,-0.2979,0.8450,0.3880,-0.5395
1743184299.583,-0.2979,0.8450,0.3880,-0.5395
1743184299.600,-0.2979,0.8450,0.3880,-0.5395
1743184299.617,-0.2979,0.8450,0.3880,-0.5395
1743184299.625,-0.2979,0.8450,0.3880,-0.5395
1743184299.642,-0.2979,0.8450,0.3880,-0.5395
1743184299.658,-0.2979,0.8450,0.3880,-0.5395
1743184299.683,-0.2979,0.8450,0.3880,-0.5395
1743184299.699,-0.2979,0.8450,0.3880,-0.5395
1743184299.717,-0.2979,0.8450,0.3880,-0.5395
1743184299.733,-0.2979,0.8450,0.3880,-0.5395
1743184299.750,-0.2979,0.8451,0.3880,-0.5395
1743184299.759,-0.2979,0.8450,0.3880,-0.5395
1743184299.776,-0.2979,0.8451,0.3880,-0.5395
1743184299.800,-0.2979,0.8451,0.3880,-0.5395
1743184299.810,-0.2979,0.8451,0.3880,-0.5395
1743184299.825,-0.2979,0.8451,0.3880,-0.5396
1743184299.849,-0.2979,0.8451,0.3880,-0.5395
1743184299.867,-0.2979,0.8451,0.3880,-0.5395
1743184299.875,-0.2979,0.8451,0.3880,-0.5395
1743184299.899,-0.2979,0.8451,0.3880,-0.5395
1743184299.916,-0.2979,0.8451,0.3880,-0.5395
1743184299.926,-0.2979,0.8451,0.3880,-0.5395
1743184299.949,-0.2979,0.8451,0.3880,-0.5396
1743184299.966,-0.2979,0.8451,0.3880,-0.5395
1743184299.975,-0.2979,0.8451,0.3880,-0.5395
1743184299.999,-0.2979,0.8451,0.3880,-0.5396
1743184300.008,-0.2979,0.8451,0.3880,-0.5396
1743184300.025,-0.2979,0.8451,0.3880,-0.5396
1743184300.050,-0.2979,0.8451,0.3880,-0.5395
1743184300.059,-0.2979,0.8451,0.3880,-0.5395
1743184300.083,-0.2979,0.8451,0.3880,-0.5395
1743184300.093,-0.2979,0.8451,0.3880,-0.5396
1743184300.109,-0.2979,0.8451,0.3880,-0.5396
1743184300.133,-0.2979,0.8451,0.3880,-0.5396
1743184300.150,-0.2979,0.8451,0.3880,-0.5395
1743184300.166,-0.2979,0.8451,0.3880,-0.5396
1743184300.184,-0.2979,0.8451,0.3880,-0.5396
1743184300.200,-0.2979,0.8451,0.3880,-0.5396
1743184300.217,-0.2979,0.8451,0.3880,-0.5396
1743184300.226,-0.2979,0.8451,0.3880,-0.5396
1743184300.242,-0.2979,0.8451,0.3880,-0.5396
1743184300.266,-0.2979,0.8451,0.3880,-0.5396
1743184300.283,-0.2979,0.8451,0.3880,-0.5396
1743184300.300,-0.2979,0.8451,0.3880,-0.5396
1743184300.316,-0.2979,0.8451,0.3880,-0.5396
1743184300.333,-0.2979,0.8451,0.3880,-0.5396
1743184300.349,-0.2979,0.8451,0.3880,-0.5396
1743184300.366,-0.2979,0.8451,0.3880,-0.5396
1743184300.383,-0.2979,0.8451,0.3880,-0.5396
1743184300.400,-0.2979,0.8451,0.3880,-0.5396
1743184300.417,-0.2979,0.8451,0.3880,-0.5396
1743184300.424,-0.2979,0.8451,0.3880,-0.5396
1743184300.450,-0.2979,0.8451,0.3880,-0.5396
1743184300.459,-0.2979,0.8451,0.3880,-0.5396
1743184300.483,-0.2979,0.8451,0.3880,-0.5396
1743184300.500,-0.2979,0.8451,0.3880,-0.5396
1743184300.508,-0.2979,0.8451,0.3880,-0.5396
1743184300.533,-0.2979,0.8451,0.3880,-0.5396
1743184300.542,-0.2979,0.8451,0.3880,-0.5396
1743184300.567,-0.2979,0.8451,0.3880,-0.5396
1743184300.584,-0.2979,0.8451,0.3880,-0.5396
1743184300.599,-0.2979,0.8451,0.3880,-0.5396
1743184300.609,-0.2979,0.8451,0.3880,-0.5396
1743184300.625,-0.2979,0.8451,0.3879,-0.5396
1743184300.642,-0.2979,0.8451,0.3879,-0.5396
1743184300.667,-0.2979,0.8451,0.3880,-0.5396
1743184300.683,-0.2979,0.8451,0.3879,-0.5396
1743184300.692,-0.2979,0.8451,0.3879,-0.5396
1743184300.709,-0.2979,0.8451,0.3879,-0.5396
1743184300.733,-0.2979,0.8451,0.3879,-0.5396
1743184300.742,-0.2979,0.8451,0.3879,-0.5396
1743184300.767,-0.2979,0.8451,0.3879,-0.5396
1743184300.783,-0.2979,0.8451,0.3879,-0.5396
1743184300.799,-0.2979,0.8451,0.3879,-0.5396
1743184300.817,-0.2979,0.8451,0.3879,-0.5396
1743184300.833,-0.2979,0.8451,0.3879,-0.5396
1743184300.844,-0.2979,0.8451,0.3879,-0.5396
1743184300.858,-0.2979,0.8451,0.3879,-0.5396
1743184300.883,-0.2979,0.8451,0.3879,-0.5396
1743184300.899,-0.2979,0.8451,0.3879,-0.5396
1743184300.917,-0.2979,0.8451,0.3879,-0.5396
1743184300.925,-0.2979,0.8451,0.3879,-0.5396
1743184300.950,-0.2979,0.8451,0.3879,-0.5396
1743184300.966,-0.2979,0.8451,0.3879,-0.5396
1743184300.983,-0.2979,0.8451,0.3879,-0.5396
1743184300.999,-0.2979,0.8451,0.3879,-0.5396
1743184301.017,-0.2979,0.8451,0.3879,-0.5396
1743184301.033,-0.2979,0.8451,0.3879,-0.5396
1743184301.042,-0.2979,0.8451,0.3879,-0.5396
1743184301.058,-0.2979,0.8451,0.3879,-0.5396
1743184301.075,-0.2979,0.8451,0.3879,-0.5396
1743184301.092,-0.2979,0.8451,0.3879,-0.5396
1743184301.109,-0.2979,0.8451,0.3879,-0.5396
1743184301.127,-0.2979,0.8451,0.3879,-0.5396
1743184301.150,-0.2979,0.8451,0.3879,-0.5396
1743184301.167,-0.2979,0.8451,0.3879,-0.5396
1743184301.183,-0.2979,0.8451,0.3879,-0.5396
1743184301.192,-0.2979,0.8451,0.3879,-0.5396
1743184301.216,-0.2979,0.8451,0.3879,-0.5396
1743184301.226,-0.2979,0.8451,0.3879,-0.5396
1743184301.242,-0.2979,0.8451,0.3879,-0.5396
1743184301.267,-0.2979,0.8451,0.3879,-0.5396
1743184301.283,-0.2979,0.8451,0.3879,-0.5396
1743184301.300,-0.2979,0.8451,0.3879,-0.5396
1743184301.317,-0.2979,0.8451,0.3879,-0.5396
1743184301.333,-0.2979,0.8451,0.3879,-0.5396
1743184301.350,-0.2979,0.8451,0.3879,-0.5396
1743184301.359,-0.2979,0.8451,0.3879,-0.5396
1743184301.383,-0.2979,0.8451,0.3879,-0.5396
1743184301.400,-0.2979,0.8451,0.3879,-0.5396
1743184301.408,-0.2979,0.8451,0.3879,-0.5396
1743184301.433,-0.2979,0.8451,0.3879,-0.5396
1743184301.450,-0.2979,0.8451,0.3879,-0.5396
1743184301.467,-0.2979,0.8451,0.3879,-0.5396
1743184301.477,-0.2979,0.8451,0.3879,-0.5396
1743184301.491,-0.2979,0.8451,0.3879,-0.5396
1743184301.517,-0.2979,0.8451,0.3879,-0.5396
1743184301.533,-0.2979,0.8451,0.3879,-0.5396
1743184301.550,-0.2979,0.8451,0.3879,-0.5396
1743184301.567,-0.2979,0.8451,0.3879,-0.5396
1743184301.579,-0.2979,0.8451,0.3879,-0.5396
1743184301.600,-0.2979,0.8451,0.3879,-0.5396
1743184301.617,-0.2979,0.8451,0.3879,-0.5396
1743184301.625,-0.2979,0.8451,0.3879,-0.5396
1743184301.634,-0.2979,0.8451,0.3879,-0.5396
1743184301.666,-0.2979,0.8451,0.3879,-0.5396
1743184301.683,-0.2979,0.8451,0.3879,-0.5396
1743184301.699,-0.2979,0.8451,0.3879,-0.5396
1743184301.716,-0.2979,0.8451,0.3879,-0.5396
1743184301.733,-0.2979,0.8451,0.3879,-0.5396
1743184301.750,-0.2979,0.8451,0.3879,-0.5396
1743184301.767,-0.2979,0.8451,0.3879,-0.5396
1743184301.784,-0.2979,0.8451,0.3879,-0.5396
1743184301.792,-0.2979,0.8451,0.3879,-0.5396
